-------------------------------------
Round 1
-------------------------------------
1 [6] [] Pr: 2^{-0} [] [6]
sqrt(Sum Pr^2): 2^{0}
-------------------------------------
Round 2
-------------------------------------
1 [8] [6] Pr: 2^{-2} [6] []
2 [7, 8, 14] [6] Pr: 2^{-2} [6] []
3 [8, 14] [6] Pr: 2^{-2} [6] []
sqrt(Sum Pr^2): 2^{-1}
-------------------------------------
Round 3
-------------------------------------
1 [6, 9, 10] [8] Pr: 2^{-4} [8] [6]
2 [6, 10] [8] Pr: 2^{-4} [8] [6]
3 [6, 9, 10, 16] [8] Pr: 2^{-4} [8] [6]
sqrt(Sum Pr^2): 2^{-2.65}
-------------------------------------
Round 4
-------------------------------------
1 [7, 11, 12, 14, 18] [6, 10] Pr: 2^{-7.3}  4 paths [6, 10] [8]
2 [12, 14, 18] [6, 10] Pr: 2^{-7.3}  4 paths [6, 10] [8]
3 [7, 12] [6, 10] Pr: 2^{-7.3}  4 paths [6, 10] [8]
sqrt(Sum Pr^2): 2^{-4.899}
-------------------------------------
Round 5
-------------------------------------
Testing 1024/6096 [7, 10, 12, 14, 16, 18] [6, 9, 10, 15] Pr: 2^{-12.678}  3 paths [6, 9, 10, 15] [8, 14] #elements: 4096
Testing 2048/6096 [9, 10, 11, 12, 17, 18] [6, 8, 9, 10] Pr: 2^{-13.415}  2 path [6, 8, 9, 10] [7, 8] #elements: 4096
Testing 3072/6096 [7, 9, 10, 12, 17, 18] [6, 8, 10, 15, 16] Pr: 2^{-15}  2 path [6, 8, 10, 15, 16] [7, 8] #elements: 4096
Testing 4096/6096 [11, 12, 16, 30] [6, 10, 15, 16, 22] Pr: 2^{-15}  2 paths [6, 10, 15, 16, 22] [8, 14] #elements: 256
Testing 5120/6096 [10, 11, 12, 14, 16, 17, 18, 24] [6, 9, 10, 15, 22] Pr: 2^{-1}  2 paths [6, 9, 10, 15, 22] [8, 14] #elements: 65536
Sorting 5072 elements w.r.t. probability
Storing 5072 differences
1 [6, 10, 14] [12] Pr: 2^{-9.3}  4 paths [12] [6, 10]
2 [6, 10, 14, 20] [12] Pr: 2^{-9.3}  4 paths [12] [6, 10]
3 [6, 10, 13, 14, 20] [12] Pr: 2^{-9.3}  4 paths [12] [6, 10]
sqrt(Sum Pr^2): 2^{-7.464}
-------------------------------------
Round 6
-------------------------------------
Testing 1024/5072 [6, 9, 10, 14, 16, 20, 25, 26, 32] [12, 24] Pr: 2^{-14.3}  8 paths [12, 24] [6, 9, 10, 16] #elements: 262144
Testing 2048/5072 [6, 8, 10, 12, 14] [7, 10, 12] Pr: 2^{-15.3}  4 paths [7, 10, 12] [6, 9, 10] #elements: 1024
Testing 3072/5072 [6, 10, 14, 16, 20, 25, 26] [11, 12, 24] Pr: 2^{-15.3}  4 paths [11, 12, 24] [6, 10, 16] #elements: 16384
Testing 4096/5072 [6, 8, 10, 12, 13, 14, 16] [7, 10, 12] Pr: 2^{-16.3}  8 paths [7, 10, 12] [6, 9, 10, 16] #elements: 16384
Sorting 17088 elements w.r.t. probability
Storing 17088 differences
1 [8, 11, 14, 16] [6, 10, 14] Pr: 2^{-14.432}  12 paths [6, 10, 14] [12]
2 [7, 8, 11, 14, 16, 18] [6, 10, 14] Pr: 2^{-14.432}  12 paths [6, 10, 14] [12]
3 [8, 11, 14, 15, 16, 18, 22] [6, 10, 14] Pr: 2^{-14.432}  12 paths [6, 10, 14]
[12]
sqrt(Sum Pr^2): 2^{-10.88}
-------------------------------------
Round 7
-------------------------------------
Testing 1024/17088 [8, 16, 20, 21, 22] [6, 10, 14, 19] Pr: 2^{-17.978}  6 paths [6, 10, 14, 19] [11, 12] #elements: 1024
Testing 2048/17088 [8, 11, 16, 18, 20, 21, 22] [6, 10, 13, 14, 19] Pr: 2^{-18.978}  9 paths [6, 10, 13, 14, 19] [12, 18] #elements: 16384
Testing 3072/17088 [8, 16, 24] [6, 10, 13, 14, 16] Pr: 2^{-19.3}  7 paths [6, 10, 13, 14, 16] [12, 14] #elements: 64
Testing 4096/17088 [7, 8, 11, 14, 16, 21, 22, 27, 28, 34] [6, 10, 14, 19, 26] Pr: 2^{-19.715}  7 paths [6, 10, 14, 19, 26] [12, 18] #elements: 262144
Testing 5120/17088 [8, 11, 13, 15, 16, 18, 22] [6, 10, 12, 13, 14] Pr: 2^{-19.715}  8 paths [6, 10, 12, 13, 14] [11, 12, 18] #elements: 16384
Testing 6144/17088 [7, 8, 16, 20, 21, 27] [6, 10, 14, 19, 20] Pr: 2^{-19.978}  6 paths [6, 10, 14, 19, 20] [11, 12] #elements: 4096
Testing 7168/17088 [8, 14, 15, 16, 18, 21] [6, 10, 14, 16, 20] Pr: 2^{-20.3}  5 paths [6, 10, 14, 16, 20] [12] #elements: 4096
Testing 8192/17088 [8, 11, 14, 16, 21, 24] [6, 10, 14, 16, 20] Pr: 2^{-20.3}  5 paths [6, 10, 14, 16, 20] [12] #elements: 4096
Testing 9216/17088 [8, 11, 14, 16, 20, 21, 22] [6, 10, 12, 14, 20] Pr: 2^{-20.715}  5 paths [6, 10, 12, 14, 20] [11, 12] #elements: 16384
Testing 10240/17088 [7, 8, 11, 13, 15, 16, 18, 20, 21] [6, 10, 12, 14, 20] Pr: 2^{-20.715}  5 paths [6, 10, 12, 14, 20] [11, 12] #elements: 262144
Testing 11264/17088 [7, 8, 9, 10, 11, 14, 15, 16, 18] [6, 8, 10, 14] Pr: 2^{-21.167}  5 paths [6, 8, 10, 14] [7, 12] #elements: 262144
Testing 12288/17088 [7, 8, 11, 16, 17] [6, 9, 10, 14, 15] Pr: 2^{-21.3}  4 paths [6, 9, 10, 14, 15] [7, 12] #elements: 1024
Testing 13312/17088 [7, 8, 11, 16, 22, 23, 24] [6, 10, 14, 15, 16] Pr: 2^{-21.3}  4 paths [6, 10, 14, 15, 16] [12, 14] #elements: 16384
Testing 14336/17088 [7, 8, 11, 14, 22, 24] [6, 10, 14, 15, 16] Pr: 2^{-21.3}  4 paths [6, 10, 14, 15, 16] [12, 14] #elements: 4096
Testing 15360/17088 [7, 8, 15, 16, 18, 20, 27, 28] [6, 10, 12, 14, 26] Pr: 2^{-22.3}  5 paths [6, 10, 12, 14, 26] [11, 12, 18] #elements: 65536
Sorting 31460 elements w.r.t. probability
Storing 31460 differences
1 [6, 14, 16, 18, 24] [8, 16] Pr: 2^{-18.122}  13 paths [8, 16] [6, 10, 14]
2 [6, 14, 16, 17, 18] [8, 16] Pr: 2^{-18.122}  13 paths [8, 16] [6, 10, 14]
3 [6, 14, 16, 17, 18, 24] [8, 16] Pr: 2^{-18.122}  13 paths [8, 16] [6, 10, 14]
sqrt(Sum Pr^2): 2^{-14.852}
-------------------------------------
Round 8
-------------------------------------
Testing 1024/31460 [6, 14, 15, 18, 24] [7, 8, 15, 16] Pr: 2^{-21.432}  13 paths [7, 8, 15, 16] [6, 10, 14] #elements: 1024
Testing 2048/31460 [6, 9, 14, 15, 16, 17, 18, 24] [7, 8, 16, 22] Pr: 2^{-22.432}  12 paths [7, 8, 16, 22] [6, 10, 14] #elements: 65536
Testing 3072/31460 [6, 9, 14, 15, 18, 20] [8, 14, 16, 18] Pr: 2^{-22.432}  12 paths [8, 14, 16, 18] [6, 10, 14] #elements: 4096
Testing 4096/31460 [6, 9, 14, 16, 17, 18, 20, 23, 30] [8, 16, 18, 22] Pr: 2^{-22.432}  12 paths [8, 16, 18, 22] [6, 10, 14] #elements: 262144
Testing 5120/31460 [6, 8, 14, 15, 18, 20, 24] [7, 8, 16] Pr: 2^{-22.482}  9 paths [7, 8, 16] [6, 10, 14, 20] #elements: 16384
Testing 6144/31460 [6, 9, 13, 14, 18, 23] [8, 15, 16, 21] Pr: 2^{-22.482}  16 paths [8, 15, 16, 21] [6, 10, 13, 14] #elements: 4096
Testing 7168/31460 [6, 9, 13, 14, 17, 18, 20, 30, 36] [8, 16, 28] Pr: 2^{-22.599}  19 paths [8, 16, 28] [6, 10, 13, 14, 20] #elements: 262144
Testing 8192/31460 [6, 8, 14, 16, 18, 20, 24] [7, 8, 14, 16, 18] Pr: 2^{-23.432}  13 paths [7, 8, 14, 16, 18] [6, 10, 14] #elements: 16384
Testing 9216/31460 [6, 9, 14, 17, 18, 19, 20, 23, 24, 26] [8, 14, 15, 16, 18] Pr: 2^{-23.432}  13 paths [8, 14, 15, 16, 18] [6, 10, 14] #elements: 262144
Testing 10240/31460 [6, 14, 18, 20, 22, 26] [8, 14, 15, 16, 18] Pr: 2^{-23.432} 13 paths [8, 14, 15, 16, 18] [6, 10, 14] #elements: 4096
Testing 11264/31460 [6, 14, 15, 16, 17, 18, 20, 24] [7, 8, 15, 16, 18] Pr: 2^{-23.432}  13 paths [7, 8, 15, 16, 18] [6, 10, 14] #elements: 65536
Testing 12288/31460 [6, 9, 14, 18, 30] [8, 11, 15, 16, 22] Pr: 2^{-23.482}  18 paths [8, 11, 15, 16, 22] [6, 10, 13, 14] #elements: 1024
Testing 13312/31460 [6, 13, 14, 16, 17, 18, 23] [8, 14, 15, 16, 21] Pr: 2^{-23.482}  18 paths [8, 14, 15, 16, 21] [6, 10, 13, 14] #elements: 16384
Testing 14336/31460 [6, 13, 14, 15, 17, 18, 22] [8, 14, 16, 22] Pr: 2^{-23.482} 15 paths [8, 14, 16, 22] [6, 10, 13, 14] #elements: 16384
Testing 15360/31460 [6, 12, 14, 16, 17, 18, 23, 24, 30] [8, 11, 16, 22] Pr: 2^{-23.482}  15 paths [8, 11, 16, 22] [6, 10, 13, 14] #elements: 262144
Testing 16384/31460 [6, 13, 14, 17, 18, 20, 22, 23, 24, 29] [8, 16, 18, 21] Pr: 2^{-23.482}  15 paths [8, 16, 18, 21] [6, 10, 13, 14] #elements: 262144
Testing 17408/31460 [6, 13, 14, 17, 18, 30] [8, 14, 16, 22] Pr: 2^{-23.482}  15 paths [8, 14, 16, 22] [6, 10, 13, 14] #elements: 4096
Testing 18432/31460 [6, 13, 14, 17, 18, 20, 30, 36] [8, 15, 16, 28] Pr: 2^{-23.599}  20 paths [8, 15, 16, 28] [6, 10, 13, 14, 20] #elements: 65536
Testing 19456/31460 [6, 9, 13, 14, 17, 18, 20, 22, 23, 24, 29, 30] [8, 16, 21, 28] Pr: 2^{-23.599}  20 paths [8, 16, 21, 28] [6, 10, 13, 14, 20] #elements: 262144
Testing 20480/31460 [6, 8, 9, 14, 15, 16, 17, 18, 20, 24] [7, 8, 16, 18, 22] Pr: 2^{-24.432}  12 paths [7, 8, 16, 18, 22] [6, 10, 14] #elements: 262144
Testing 21504/31460 [6, 9, 14, 15, 17, 18, 19, 20, 22, 24, 30] [8, 14, 16, 18, 22] Pr: 2^{-24.432}  12 paths [8, 14, 16, 18, 22] [6, 10, 14] #elements: 262144
Testing 22528/31460 [6, 12, 13, 14, 15, 18, 19, 22, 23, 24, 30] [8, 11, 14, 15, 16, 22] Pr: 2^{-24.432}  15 paths [8, 11, 14, 15, 16, 22] [6, 10, 14] #elements: 262144
Testing 23552/31460 [6, 14, 16, 17, 18, 20, 23, 26] [8, 14, 16, 18, 22] Pr: 2^{-24.432}  12 paths [8, 14, 16, 18, 22] [6, 10, 14] #elements: 65536
Testing 24576/31460 [6, 12, 13, 14, 16, 17, 18, 19, 22, 23, 30] [8, 11, 14, 16, 22] Pr: 2^{-24.432}  12 paths [8, 11, 14, 16, 22] [6, 10, 14] #elements: 262144
Testing 25600/31460 [6, 14, 15, 16, 17, 18, 22, 24] [8, 11, 14, 15, 16] Pr: 2^{-24.482}  16 paths [8, 11, 14, 15, 16] [6, 10, 13, 14] #elements: 65536
Testing 26624/31460 [6, 9, 14, 15, 16, 18, 19, 20] [8, 11, 14, 16, 18] Pr: 2^{-24.482}  16 paths [8, 11, 14, 16, 18] [6, 10, 13, 14] #elements: 65536
Testing 27648/31460 [6, 13, 14, 15, 17, 18, 19, 20] [7, 8, 14, 16, 18] Pr: 2^{-24.482}  16 paths [7, 8, 14, 16, 18] [6, 10, 13, 14] #elements: 65536
Testing 28672/31460 [6, 9, 13, 14, 15, 18, 19, 20, 22, 23, 24] [8, 14, 15, 16, 18] Pr: 2^{-24.482}  16 paths [8, 14, 15, 16, 18] [6, 10, 13, 14] #elements: 262144
Sorting 24640 elements w.r.t. probability
Storing 24640 differences
1 [20, 22] [6, 14, 18] Pr: 2^{-22.5}  27 paths [6, 14, 18] [8, 15, 16]
2 [7, 14, 15, 19, 20, 26] [6, 14, 18] Pr: 2^{-22.5}  27 paths [6, 14, 18] [8, 15, 16]
3 [7, 14, 15, 20, 22, 26] [6, 14, 18] Pr: 2^{-22.5}  27 paths [6, 14, 18] [8, 15, 16]
sqrt(Sum Pr^2): 2^{-18.901}
-------------------------------------
Round 9
-------------------------------------
Testing 1024/24640 [14, 15, 20, 21] [6, 13, 14, 18] Pr: 2^{-24.915}  21 paths [6, 13, 14, 18] [8, 16] #elements: 256
Testing 2048/24640 [7, 10, 11, 14, 17, 18, 19, 20, 22, 24, 26] [6, 9, 14, 16, 18] Pr: 2^{-25.952}  25 paths [6, 9, 14, 16, 18] [8, 15, 16, 22] #elements: 262144
Testing 3072/24640 [7, 11, 15, 18, 19, 20] [6, 9, 14, 17, 18] Pr: 2^{-26.8}  17 paths [6, 9, 14, 17, 18] [8, 14, 16] #elements: 4096
Testing 4096/24640 [7, 10, 11, 14, 15, 20, 25, 32] [6, 9, 14, 18, 24] Pr: 2^{-26.8}  18 paths [6, 9, 14, 18, 24] [8, 15, 16] #elements: 65536
Testing 5120/24640 [7, 18, 19, 20, 24, 25, 32] [6, 14, 16, 18, 24] Pr: 2^{-26.8}  18 paths [6, 14, 16, 18, 24] [8, 16] #elements: 16384
Testing 6144/24640 [7, 14, 20, 22, 32] [6, 14, 18, 30] Pr: 2^{-27.122}  17 paths [6, 14, 18, 30] [8, 15, 16, 22] #elements: 1024
Testing 7168/24640 [7, 14, 18, 20, 24, 25, 26] [6, 14, 16, 18, 23] Pr: 2^{-27.537}  18 paths [6, 14, 16, 18, 23] [8, 15, 16] #elements: 16384
Testing 8192/24640 [10, 11, 15, 17, 19, 20, 26] [6, 9, 13, 14, 18] Pr: 2^{-27.563}  19 paths [6, 9, 13, 14, 18] [8, 16] #elements: 16384
Testing 9216/24640 [14, 20, 25, 26, 32, 38] [6, 14, 18, 23, 30] Pr: 2^{-28.122} 16 paths [6, 14, 18, 23, 30] [8, 16, 22] #elements: 4096
Testing 10240/24640 [14, 19, 20, 21, 22, 25, 26] [6, 13, 14, 17, 18] Pr: 2^{-28.291}  18 paths [6, 13, 14, 17, 18] [8, 16] #elements: 16384
Testing 11264/24640 [7, 18, 20, 24] [6, 14, 16, 17, 18, 24] Pr: 2^{-28.315}  18 paths [6, 14, 16, 17, 18, 24] [8, 16] #elements: 256
Testing 12288/24640 [7, 15, 17, 18, 20, 25, 26, 32] [6, 14, 16, 17, 18, 24] Pr: 2^{-28.422}  17 paths [6, 14, 16, 17, 18, 24] [8, 16] #elements: 65536
Testing 13312/24640 [11, 17, 18, 19, 20, 25, 26, 32] [6, 9, 14, 16, 18, 24] Pr: 2^{-28.537}  16 paths [6, 9, 14, 16, 18, 24] [8, 16] #elements: 65536
Testing 14336/24640 [10, 11, 19, 20, 25] [6, 9, 14, 17, 18, 24] Pr: 2^{-28.537}  18 paths [6, 9, 14, 17, 18, 24] [8, 15, 16] #elements: 1024
Testing 15360/24640 [7, 10, 11, 14, 17, 18, 20, 22, 26, 32] [6, 9, 14, 16, 18, 24] Pr: 2^{-28.537}  16 paths [6, 9, 14, 16, 18, 24] [8, 16] #elements: 262144
Testing 16384/24640 [15, 18, 19, 20, 22, 25, 31] [6, 14, 17, 18, 23] Pr: 2^{-28.537}  16 paths [6, 14, 17, 18, 23] [8, 15, 16] #elements: 16384
Testing 17408/24640 [7, 11, 18, 20, 22, 26, 32] [6, 9, 14, 17, 18, 24] Pr: 2^{-28.537}  18 paths [6, 9, 14, 17, 18, 24] [8, 15, 16] #elements: 16384
Testing 18432/24640 [7, 11, 18, 19, 20, 22, 26] [6, 9, 14, 16, 17, 18] Pr: 2^{-28.537}  16 paths [6, 9, 14, 16, 17, 18] [8, 16] #elements: 16384
Testing 19456/24640 [7, 14, 15, 20, 24, 25, 26, 31] [6, 14, 17, 18, 23] Pr: 2^{-28.537}  16 paths [6, 14, 17, 18, 23] [8, 15, 16] #elements: 65536
Testing 20480/24640 [7, 11, 15, 17, 19, 20, 22, 26] [6, 9, 14, 16, 17, 18] Pr: 2^{-28.537}  16 paths [6, 9, 14, 16, 17, 18] [8, 16] #elements: 65536
Testing 21504/24640 [11, 21] [6, 13, 14, 18, 19] Pr: 2^{-29.122}  15 paths [6, 13, 14, 18, 19] [8, 11, 16] #elements: 16
Testing 22528/24640 [7, 10, 11, 15, 17, 19, 20, 26, 31, 32] [6, 9, 14, 18, 30] Pr: 2^{-29.122}  14 paths [6, 9, 14, 18, 30] [8, 16, 22] #elements: 262144
Sorting 13860 elements w.r.t. probability
Storing 13860 differences
1 [6, 14, 18, 22, 28] [20] Pr: 2^{-24.5}  27 paths [20] [6, 14, 18]
2 [6, 14, 18, 21, 22, 28] [20] Pr: 2^{-24.5}  27 paths [20] [6, 14, 18]
3 [6, 14, 18, 21, 22] [20] Pr: 2^{-24.5}  27 paths [20] [6, 14, 18]
sqrt(Sum Pr^2): 2^{-22.35}
-------------------------------------
Round 10
-------------------------------------
Testing 1024/13860 [6, 14, 17, 18, 22, 24, 28] [20, 22] Pr: 2^{-28.688}  21 paths [20, 22] [6, 14, 17, 18] #elements: 16384
Testing 2048/13860 [6, 14, 16, 18, 20, 21, 22, 28, 34] [14, 19, 20, 26] Pr: 2^{-29.5}  28 paths [14, 19, 20, 26] [6, 14, 18] #elements: 262144
Testing 3072/13860 [6, 14, 17, 18, 22, 30] [15, 20, 22] Pr: 2^{-29.688}  21 paths [15, 20, 22] [6, 14, 18, 24] #elements: 4096
Testing 4096/13860 [6, 14, 15, 16, 18, 20, 24, 27, 30] [14, 19, 20, 22] Pr: 2^{-30.5}  27 paths [14, 19, 20, 22] [6, 14, 18] #elements: 262144
Testing 5120/13860 [6, 14, 16, 18, 21, 22, 24, 27] [14, 19, 20, 22] Pr: 2^{-30.5}  27 paths [14, 19, 20, 22] [6, 14, 18] #elements: 65536
Testing 6144/13860 [6, 14, 16, 17, 18, 20, 21, 22, 26] [15, 18, 20] Pr: 2^{-30.688}  21 paths [15, 18, 20] [6, 14, 16, 18] #elements: 262144
Testing 7168/13860 [6, 9, 14, 16, 18, 19, 20, 22, 28] [7, 18, 20] Pr: 2^{-30.688}  21 paths [7, 18, 20] [6, 14, 16, 18] #elements: 262144
Testing 8192/13860 [6, 14, 18, 21, 22, 23, 27, 28, 34] [20, 22, 26] Pr: 2^{-30.688}  20 paths [20, 22, 26] [6, 14, 18, 24] #elements: 262144
Testing 9216/13860 [6, 9, 14, 16, 17, 18, 21, 24, 28] [7, 14, 20] Pr: 2^{-30.8} 20 paths [7, 14, 20] [6, 14, 17, 18, 24] #elements: 262144
Testing 10240/13860 [6, 9, 13, 14, 15, 18, 22, 24, 30] [7, 20, 22] Pr: 2^{-30.915}  21 paths [7, 20, 22] [6, 13, 14, 18] #elements: 262144
Testing 11264/13860 [6, 13, 14, 16, 17, 18, 21, 22, 24, 28] [15, 20] Pr: 2^{-31.563}  19 paths [15, 20] [6, 13, 14, 18, 24] #elements: 262144
Testing 12288/13860 [6, 14, 17, 18, 20, 21, 22, 24, 26, 27] [18, 20, 26] Pr: 2^{-31.8}  19 paths [18, 20, 26] [6, 14, 17, 18, 24] #elements: 262144
Sorting 30464 elements w.r.t. probability
Storing 30464 differences
1 [8, 14, 15, 16, 24, 30] [6, 14, 18, 22] Pr: 2^{-31.697}  32 paths [6, 14, 18, 22] [20]
2 [8, 14, 16, 22, 24, 30] [6, 14, 18, 22] Pr: 2^{-31.697}  32 paths [6, 14, 18, 22] [20]
3 [8, 14, 16, 19, 22, 24] [6, 14, 18, 22] Pr: 2^{-31.697}  32 paths [6, 14, 18, 22] [20]
sqrt(Sum Pr^2): 2^{-27.127}
-------------------------------------
Round 11
-------------------------------------
Testing 1024/30464 [7, 8, 14, 15, 16, 24, 26, 30] [6, 14, 18, 22, 28] Pr: 2^{-33.743}  31 paths [6, 14, 18, 22, 28] [20] #elements: 65536
Testing 2048/30464 [7, 8, 14, 15, 16, 24, 29, 36] [6, 14, 18, 21, 22, 28] Pr: 2^{-33.799}  42 paths [6, 14, 18, 21, 22, 28] [20] #elements: 65536
Testing 3072/30464 [7, 8, 16, 18, 19, 23, 24] [6, 14, 16, 18, 21] Pr: 2^{-34.915}  29 paths [6, 14, 16, 18, 21] [14, 20] #elements: 16384
Testing 4096/30464 [8, 14, 15, 16, 19, 23, 24, 25, 26] [6, 14, 17, 18, 22] Pr: 2^{-35.006}  29 paths [6, 14, 17, 18, 22] [15, 20] #elements: 262144
Testing 5120/30464 [7, 8, 14, 16, 19, 22, 24, 26, 28, 29, 30, 35] [6, 14, 18, 22, 27] Pr: 2^{-35.178}  30 paths [6, 14, 18, 22, 27] [19, 20, 26] #elements: 262144
Testing 6144/30464 [7, 8, 14, 15, 16, 23, 24, 30, 32] [6, 14, 18, 22, 24] Pr: 2^{-35.591}  28 paths [6, 14, 18, 22, 24] [20, 22] #elements: 262144
Testing 7168/30464 [8, 15, 16, 22, 24, 36] [6, 14, 18, 22, 34] Pr: 2^{-35.915} 29 paths [6, 14, 18, 22, 34] [19, 20, 26] #elements: 4096
Testing 8192/30464 [8, 14, 15, 16, 22, 23, 24] [6, 13, 14, 18, 22] Pr: 2^{-35.915}  22 paths [6, 13, 14, 18, 22] [20] #elements: 16384
Testing 9216/30464 [8, 15, 16, 18, 23, 26, 30] [6, 14, 16, 18, 22] Pr: 2^{-36.166}  23 paths [6, 14, 16, 18, 22] [15, 20] #elements: 16384
Testing 10240/30464 [8, 16, 19, 24, 28, 35] [6, 14, 18, 21, 22, 27] Pr: 2^{-36.178}  32 paths [6, 14, 18, 21, 22, 27] [20, 26] #elements: 4096
Testing 11264/30464 [8, 14, 15, 16, 19, 23, 24, 35] [6, 14, 18, 21, 22, 27] Pr: 2^{-36.178}  32 paths [6, 14, 18, 21, 22, 27] [20, 26] #elements: 65536
Testing 12288/30464 [7, 8, 14, 15, 16, 17, 18, 19, 22, 23, 24, 30] [6, 14, 16, 18, 21, 28] Pr: 2^{-36.5}  30 paths [6, 14, 16, 18, 21, 28] [14, 20] #elements: 262144
Testing 13312/30464 [8, 14, 15, 18, 22] [6, 14, 15, 16, 18] Pr: 2^{-36.5}  27 paths [6, 14, 15, 16, 18] [14, 20] #elements: 1024
Testing 14336/30464 [7, 8, 14, 16, 17, 18, 19, 22, 23, 24, 26] [6, 14, 15, 16, 18] Pr: 2^{-36.5}  27 paths [6, 14, 15, 16, 18] [14, 20] #elements: 262144
Testing 15360/30464 [7, 8, 11, 15, 16, 23, 24, 26, 30] [6, 9, 14, 18, 22] Pr: 2^{-36.5}  27 paths [6, 9, 14, 18, 22] [7, 20] #elements: 262144
Testing 16384/30464 [8, 16, 19, 23, 24, 25] [6, 14, 18, 21, 22, 24] Pr: 2^{-36.591}  30 paths [6, 14, 18, 21, 22, 24] [20, 22] #elements: 4096
Testing 17408/30464 [8, 14, 16, 22, 24, 25, 26, 32] [6, 14, 18, 21, 22, 24] Pr: 2^{-36.591}  30 paths [6, 14, 18, 21, 22, 24] [20, 22] #elements: 65536
Testing 18432/30464 [8, 15, 16, 22, 23, 24, 30, 32] [6, 14, 18, 21, 22, 24] Pr: 2^{-36.591}  30 paths [6, 14, 18, 21, 22, 24] [20, 22] #elements: 65536
Testing 19456/30464 [8, 15, 16, 22, 24, 32] [6, 14, 18, 21, 22, 24] Pr: 2^{-36.591}  30 paths [6, 14, 18, 21, 22, 24] [20, 22] #elements: 4096
Testing 20480/30464 [7, 8, 14, 15, 16, 22, 23, 24, 29, 35] [6, 14, 18, 20, 22, 27] Pr: 2^{-36.915}  30 paths [6, 14, 18, 20, 22, 27] [19, 20] #elements: 262144
Testing 21504/30464 [8, 14, 16, 19, 21, 22, 24, 26, 28, 29, 30] [6, 14, 18, 20, 21, 22] Pr: 2^{-36.915}  30 paths [6, 14, 18, 20, 21, 22] [19, 20] #elements: 262144
Testing 22528/30464 [7, 8, 15, 16, 19, 22, 23, 24, 26, 28, 29, 30, 35] [6, 14, 18, 20, 22, 27] Pr: 2^{-36.915}  30 paths [6, 14, 18, 20, 22, 27] [19, 20] #elements: 262144
Testing 23552/30464 [8, 14, 15, 16, 23, 24, 26, 29, 35, 36, 42] [6, 14, 18, 22, 27, 34] Pr: 2^{-36.915}  31 paths [6, 14, 18, 22, 27, 34] [19, 20, 26] #elements: 262144
Testing 24576/30464 [8, 14, 15, 16, 19, 21, 23, 24, 28] [6, 14, 18, 20, 21, 22] Pr: 2^{-36.915}  30 paths [6, 14, 18, 20, 21, 22] [19, 20] #elements: 262144
Testing 25600/30464 [7, 8, 15, 16, 19, 22, 24, 29, 30, 36, 42] [6, 14, 18, 21, 22, 34] Pr: 2^{-36.915}  30 paths [6, 14, 18, 21, 22, 34] [20, 26] #elements: 262144
Testing 26624/30464 [8, 16, 19, 22, 24, 26, 29, 30, 35] [6, 14, 18, 20, 22, 27] Pr: 2^{-36.915}  30 paths [6, 14, 18, 20, 22, 27] [19, 20] #elements: 262144
Testing 27648/30464 [7, 8, 15, 16, 22, 23, 24, 26, 30] [6, 13, 14, 18, 21, 22] Pr: 2^{-36.915}  24 paths [6, 13, 14, 18, 21, 22] [20] #elements: 262144
Sorting 32592 elements w.r.t. probability
Storing 32592 differences
1 [6, 10, 14, 17, 22, 24, 26] [8, 16, 24] Pr: 2^{-37.472}  34 paths [8, 16, 24] [6, 14, 18, 22]
2 [6, 9, 10, 14, 17, 22, 25, 26] [8, 16, 24] Pr: 2^{-37.472}  34 paths [8, 16, 24] [6, 14, 18, 22]
3 [6, 10, 14, 16, 17, 22, 24, 26, 32] [8, 16, 24] Pr: 2^{-37.472}  34 paths [8, 16, 24] [6, 14, 18, 22]
sqrt(Sum Pr^2): 2^{-33.141}
-------------------------------------
Round 12
-------------------------------------
Testing 1024/32592 [6, 10, 14, 16, 17, 22, 25, 26, 31, 32] [8, 16, 24, 30] Pr: 2^{-39.697}  32 paths [8, 16, 24, 30] [6, 14, 18, 22] #elements: 262144
Testing 2048/32592 [6, 8, 9, 10, 14, 15, 22, 26] [7, 8, 16, 24] Pr: 2^{-39.697} 32 paths [7, 8, 16, 24] [6, 14, 18, 22] #elements: 65536
Testing 3072/32592 [6, 10, 14, 22, 25, 26, 31, 32, 38] [8, 15, 16, 24, 30] Pr: 2^{-40.697}  33 paths [8, 15, 16, 24, 30] [6, 14, 18, 22] #elements: 262144
Testing 4096/32592 [6, 9, 10, 14, 16, 20, 21, 22, 24, 26, 27] [8, 15, 16, 19, 24] Pr: 2^{-40.697}  33 paths [8, 15, 16, 19, 24] [6, 14, 18, 22] #elements: 262144
Testing 5120/32592 [6, 9, 10, 14, 17, 22, 24, 26, 31, 32] [8, 15, 16, 24, 30] Pr: 2^{-40.697}  33 paths [8, 15, 16, 24, 30] [6, 14, 18, 22] #elements: 262144
Testing 6144/32592 [6, 10, 14, 17, 22, 24, 25, 26] [8, 14, 16, 23, 24] Pr: 2^{-40.697}  33 paths [8, 14, 16, 23, 24] [6, 14, 18, 22] #elements: 65536
Testing 7168/32592 [6, 10, 14, 15, 17, 22, 25, 26, 31] [8, 14, 16, 23, 24] Pr: 2^{-40.697}  33 paths [8, 14, 16, 23, 24] [6, 14, 18, 22] #elements: 262144
Testing 8192/32592 [6, 8, 9, 10, 14, 15, 22, 25, 26, 31] [7, 8, 16, 23, 24] Pr: 2^{-40.697}  33 paths [7, 8, 16, 23, 24] [6, 14, 18, 22] #elements: 262144
Testing 9216/32592 [6, 10, 14, 16, 22, 25, 26, 30, 31, 32] [8, 16, 22, 23, 24] Pr: 2^{-40.697}  33 paths [8, 16, 22, 23, 24] [6, 14, 18, 22] #elements: 262144
Testing 10240/32592 [6, 9, 10, 14, 22, 25, 26, 27] [8, 16, 19, 24] Pr: 2^{-40.743}  36 paths [8, 16, 19, 24] [6, 14, 18, 21, 22] #elements: 65536
Testing 11264/32592 [6, 9, 10, 14, 16, 17, 21, 22, 24, 26, 32] [8, 15, 16, 23, 24] Pr: 2^{-40.743}  39 paths [8, 15, 16, 23, 24] [6, 14, 18, 21, 22] #elements: 262144
Testing 12288/32592 [6, 10, 14, 16, 19, 20, 23, 24, 26] [8, 15, 16, 18] Pr: 2^{-40.915}  30 paths [8, 15, 16, 18] [6, 14, 16, 18] #elements: 262144
Testing 13312/32592 [6, 10, 14, 22, 24, 26, 31, 38] [7, 8, 16, 23, 24, 30] Pr: 2^{-41.697}  35 paths [7, 8, 16, 23, 24, 30] [6, 14, 18, 22] #elements: 65536
Testing 14336/32592 [6, 9, 10, 14, 15, 16, 17, 22, 26, 31, 32] [8, 14, 16, 24, 30] Pr: 2^{-41.697}  32 paths [8, 14, 16, 24, 30] [6, 14, 18, 22] #elements: 262144
Testing 15360/32592 [6, 9, 10, 14, 22, 26, 27, 28, 32] [7, 8, 16, 24, 26] Pr: 2^{-41.697}  32 paths [7, 8, 16, 24, 26] [6, 14, 18, 22] #elements: 262144
Testing 16384/32592 [6, 9, 10, 14, 16, 22, 23, 24, 25, 26, 28, 30, 34] [8, 16, 22, 24, 26] Pr: 2^{-41.697}  32 paths [8, 16, 22, 24, 26] [6, 14, 18, 22] #elements: 262144
Testing 17408/32592 [6, 10, 14, 20, 21, 22, 24, 26, 27, 28, 31, 32] [8, 16, 19, 23, 24, 26] Pr: 2^{-41.697}  35 paths [8, 16, 19, 23, 24, 26] [6, 14, 18, 22] #elements: 262144
Testing 18432/32592 [6, 10, 14, 22, 23, 25, 26, 30, 32] [7, 8, 15, 16, 22, 24] Pr: 2^{-41.697}  35 paths [7, 8, 15, 16, 22, 24] [6, 14, 18, 22] #elements: 262144
Testing 19456/32592 [6, 8, 10, 14, 17, 22, 25, 26, 32] [7, 8, 15, 16, 22, 24] Pr: 2^{-41.697}  35 paths [7, 8, 15, 16, 22, 24] [6, 14, 18, 22] #elements: 262144
Testing 20480/32592 [6, 10, 14, 15, 21, 25, 26, 27, 32] [8, 14, 16, 19, 24] Pr: 2^{-41.697}  32 paths [8, 14, 16, 19, 24] [6, 14, 18, 22] #elements: 262144
Testing 21504/32592 [6, 10, 14, 21, 22, 24, 25, 26, 27, 32] [8, 15, 16, 19, 23, 24] Pr: 2^{-41.697}  35 paths [8, 15, 16, 19, 23, 24] [6, 14, 18, 22] #elements: 262144
Testing 22528/32592 [6, 8, 9, 10, 14, 15, 16, 17, 22, 24, 26, 32] [7, 8, 14, 15, 16, 24] Pr: 2^{-41.697}  35 paths [7, 8, 14, 15, 16, 24] [6, 14, 18, 22] #elements: 262144
Testing 23552/32592 [6, 10, 14, 17, 22, 23, 26, 30, 31, 38] [8, 16, 22, 24, 30] Pr: 2^{-41.697}  32 paths [8, 16, 22, 24, 30] [6, 14, 18, 22] #elements: 262144
Testing 24576/32592 [6, 9, 10, 14, 20, 21, 22, 25, 26, 31, 32, 38] [8, 16, 19, 23, 24, 30] Pr: 2^{-41.697}  35 paths [8, 16, 19, 23, 24, 30] [6, 14, 18, 22] #elements: 262144
Testing 25600/32592 [6, 8, 10, 14, 16, 22, 25, 26, 32] [7, 8, 14, 16, 23, 24] Pr: 2^{-41.697}  35 paths [7, 8, 14, 16, 23, 24] [6, 14, 18, 22] #elements: 262144
Testing 26624/32592 [6, 10, 14, 16, 22, 23, 24, 25, 26, 27, 28, 34] [8, 16, 22, 24, 26] Pr: 2^{-41.697}  32 paths [8, 16, 22, 24, 26] [6, 14, 18, 22] #elements: 262144
Testing 27648/32592 [6, 9, 10, 14, 17, 22, 25, 26, 28] [8, 16, 22, 24, 26] Pr: 2^{-41.697}  32 paths [8, 16, 22, 24, 26] [6, 14, 18, 22] #elements: 262144
Testing 28672/32592 [6, 8, 9, 10, 14, 15, 17, 22, 24, 26, 31] [7, 8, 14, 16, 23, 24] Pr: 2^{-41.697}  35 paths [7, 8, 14, 16, 23, 24] [6, 14, 18, 22] #elements: 262144
Testing 29696/32592 [6, 10, 14, 15, 17, 22, 24, 25, 26, 31, 32, 38] [7, 8, 16, 23, 24, 30] Pr: 2^{-41.697}  35 paths [7, 8, 16, 23, 24, 30] [6, 14, 18, 22] #elements: 262144
Sorting 28992 elements w.r.t. probability
Storing 28992 differences
1 [7, 11, 12, 15] [6, 10, 14] Pr: 2^{-45.006}  29 paths [6, 10, 14] [8, 16]
2 [12] [6, 10, 14] Pr: 2^{-45.006}  29 paths [6, 10, 14] [8, 16]
3 [7, 11, 12, 14, 18] [6, 10, 14] Pr: 2^{-45.006}  29 paths [6, 10, 14] [8, 16]
sqrt(Sum Pr^2): 2^{-40.451}

-------------------------------------
Round 13
-------------------------------------
Testing 1024/8192 [12, 14, 23, 27, 28, 34] [6, 10, 14, 22, 26] Pr: 2^{-45.686}  46 paths [6, 10, 14, 22, 26] [8, 16, 24] #elements: 4096 
Testing 2048/8192 [7, 12, 17, 18, 22, 23, 27, 28, 34] [6, 9, 10, 14, 22, 26] Pr: 2^{-47.686}  46 paths [6, 9, 10, 14, 22, 26] [8, 16, 24] #elements: 262144 
Testing 3072/8192 [10, 11, 12, 15, 17, 22, 27, 28, 30] [6, 9, 10, 14, 22, 26] Pr: 2^{-47.686}  46 paths [6, 9, 10, 14, 22, 26] [8, 16, 24] #elements: 262144 
Testing 4096/8192 [12, 14, 17, 18, 23, 27, 28, 30] [6, 9, 10, 14, 22, 26] Pr: 2^{-47.686}  46 paths [6, 9, 10, 14, 22, 26] [8, 16, 24] #elements: 65536 
Testing 5120/8192 [7, 12, 15, 17, 22, 23, 28] [6, 9, 10, 14, 22, 26] Pr: 2^{-47.686}  46 paths [6, 9, 10, 14, 22, 26] [8, 16, 24] #elements: 16384 
Testing 6144/8192 [10, 11, 12, 14, 23, 28] [6, 9, 10, 14, 22, 26] Pr: 2^{-47.686}  46 paths [6, 9, 10, 14, 22, 26] [8, 16, 24] #elements: 4096 
Testing 7168/8192 [12, 14, 15, 18, 27, 28, 30] [6, 9, 10, 14, 22, 26] Pr: 2^{-47.686}  46 paths [6, 9, 10, 14, 22, 26] [8, 16, 24] #elements: 16384 
Testing 8192/8192 [7, 11, 12, 15, 18, 23, 25, 26, 27, 28, 30] [6, 10, 14, 22, 24, 26] Pr: 2^{-47.686}  46 paths [6, 10, 14, 22, 24, 26] [8, 16, 24] #elements: 262144 
Sorting 231072 elements w.r.t. probability
Storing 8192 differences
1 [6, 10, 13, 20, 22, 26, 29, 30, 36] [12, 28] Pr: 2^{-49.686}  46 paths [12, 28] [6, 10, 14, 22, 26]
2 [6, 10, 22, 26, 30] [12, 28] Pr: 2^{-49.686}  46 paths [12, 28] [6, 10, 14, 22, 26]
3 [6, 10, 20, 22, 26, 30] [12, 28] Pr: 2^{-49.686}  46 paths [12, 28] [6, 10, 14, 22, 26]
sqrt(Sum Pr^2): 2^{-46.394}
-------------------------------------
Round 14
-------------------------------------
Testing 1024/8192 [6, 10, 13, 20, 22, 24, 25, 26, 29, 30, 32, 38] [12, 23, 28, 30] Pr: 2^{-52.686}  47 paths [12, 23, 28, 30] [6, 10, 14, 22, 26] #elements: 262144 
Testing 2048/8192 [6, 10, 13, 22, 24, 25, 26, 30, 36, 42] [12, 23, 28, 34] Pr: 2^{-53.686}  46 paths [12, 23, 28, 34] [6, 10, 14, 22, 26] #elements: 262144 
Testing 3072/8192 [6, 10, 22, 26, 30] [11, 12, 28, 34] Pr: 2^{-53.686}  46 paths [11, 12, 28, 34] [6, 10, 14, 22, 26] #elements: 1024 
Testing 4096/8192 [6, 10, 20, 22, 26, 28, 29, 30, 32, 35, 38] [12, 27, 28, 30] Pr: 2^{-53.686}  46 paths [12, 27, 28, 30] [6, 10, 14, 22, 26] #elements: 262144 
Testing 5120/8192 [6, 10, 22, 25, 26, 30, 31] [11, 12, 23, 28] Pr: 2^{-53.686}  46 paths [11, 12, 23, 28] [6, 10, 14, 22, 26] #elements: 16384 
Testing 6144/8192 [6, 10, 17, 20, 22, 25, 26, 30, 36] [12, 15, 23, 28] Pr: 2^{-53.686}  46 paths [12, 15, 23, 28] [6, 10, 14, 22, 26] #elements: 262144 
Testing 7168/8192 [6, 8, 9, 10, 20, 22, 26, 29, 30, 35, 36, 42] [7, 12, 28, 34] Pr: 2^{-53.686}  46 paths [7, 12, 28, 34] [6, 10, 14, 22, 26] #elements: 262144 
Testing 8192/8192 [6, 10, 17, 20, 22, 26, 29, 30] [12, 15, 18, 28] Pr: 2^{-53.686}  46 paths [12, 15, 18, 28] [6, 10, 14, 22, 26] #elements: 65536 
Sorting 215904 elements w.r.t. probability
Storing 8192 differences
1 [7, 8, 23, 24, 27, 31, 32] [6, 10, 22, 26, 30] Pr: 2^{-58.4}  55 paths [6, 10, 22, 26, 30] [12, 18, 28]
2 [7, 8, 11, 14, 18, 23, 24, 30, 31, 32] [6, 10, 22, 26, 30] Pr: 2^{-58.4}  55 paths [6, 10, 22, 26, 30] [12, 18, 28]
3 [8, 23, 24, 30, 32] [6, 10, 22, 26, 30] Pr: 2^{-58.4}  55 paths [6, 10, 22, 26, 30] [12, 18, 28]
sqrt(Sum Pr^2): 2^{-52.847}
-------------------------------------
Round 15
-------------------------------------
Testing 1024/8192 [8, 11, 14, 15, 18, 21, 24, 27, 31, 32, 38] [6, 10, 13, 22, 26, 30] Pr: 2^{-59.516}  59 paths [6, 10, 13, 22, 26, 30] [12, 28] #elements: 262144 
Testing 2048/8192 [8, 11, 18, 24, 27, 30, 31, 32, 38] [6, 10, 22, 26, 30] Pr: 2^{-58.4}  55 paths [6, 10, 22, 26, 30] [12, 18, 28] #elements: 262144 
Testing 3072/8192 [8, 14, 23, 24, 30, 32, 38] [6, 10, 22, 26, 30] Pr: 2^{-58.4}  55 paths [6, 10, 22, 26, 30] [12, 18, 28] #elements: 16384 
Testing 4096/8192 [8, 14, 24, 27, 31, 32, 34, 37] [6, 10, 22, 26, 30, 36] Pr: 2^{-60.516}  52 paths [6, 10, 22, 26, 30, 36] [12, 28] #elements: 65536 
Testing 5120/8192 [8, 14, 24, 28, 31, 32, 37] [6, 10, 22, 29, 30] Pr: 2^{-60.101}  49 paths [6, 10, 22, 29, 30] [12, 18, 28] #elements: 16384 
Testing 6144/8192 [7, 8, 11, 14, 15, 18, 21, 23, 24, 31, 32, 34, 38] [6, 10, 13, 22, 26, 30] Pr: 2^{-59.516}  59 paths [6, 10, 13, 22, 26, 30] [12, 28] #elements: 262144 
Testing 7168/8192 [8, 11, 14, 18, 24, 30, 32, 37] [6, 10, 22, 26, 30, 36] Pr: 2^{-60.516}  52 paths [6, 10, 22, 26, 30, 36] [12, 28] #elements: 65536 
Testing 8192/8192 [7, 8, 11, 14, 15, 23, 24, 27, 30, 31, 32, 34, 38] [6, 10, 13, 22, 26, 30] Pr: 2^{-59.516}  59 paths [6, 10, 13, 22, 26, 30] [12, 28] #elements: 262144 
Sorting 919104 elements w.r.t. probability
Storing 8192 differences
1 [6, 9, 16, 22, 25, 30, 34] [8, 24, 32] Pr: 2^{-64.4}  55 paths [8, 24, 32] [6, 10, 22, 26, 30]
2 [6, 16, 22, 25, 30, 34] [8, 24, 32] Pr: 2^{-64.4}  55 paths [8, 24, 32] [6, 10, 22, 26, 30]
3 [6, 9, 16, 22, 30, 34] [8, 24, 32] Pr: 2^{-64.4}  55 paths [8, 24, 32] [6, 10, 22, 26, 30]
sqrt(Sum Pr^2): 2^{-60.127}
-------------------------------------
Round 16
-------------------------------------
Testing 1024/8192 [6, 15, 22, 30, 32, 33, 34, 40] [8, 14, 24, 31, 32] Pr: 2^{-67.4}  56 paths [8, 14, 24, 31, 32] [6, 10, 22, 26, 30] #elements: 65536 
Testing 2048/8192 [6, 22, 25, 30, 31, 32, 33, 34] [8, 23, 24, 32] Pr: 2^{-66.4}  55 paths [8, 23, 24, 32] [6, 10, 22, 26, 30] #elements: 65536 
Testing 3072/8192 [6, 16, 22, 30, 32, 34, 39, 46] [8, 24, 32, 38] Pr: 2^{-66.4}  55 paths [8, 24, 32, 38] [6, 10, 22, 26, 30] #elements: 65536 
Testing 4096/8192 [6, 9, 22, 30, 32, 34] [8, 24, 30, 32] Pr: 2^{-66.4}  55 paths [8, 24, 30, 32] [6, 10, 22, 26, 30] #elements: 4096 
Testing 5120/8192 [6, 9, 16, 22, 25, 26, 29, 33, 34] [8, 24, 28, 32] Pr: 2^{-66.516}  50 paths [8, 24, 28, 32] [6, 10, 22, 29, 30] #elements: 262144 
Testing 6144/8192 [6, 9, 16, 22, 25, 30, 32, 34, 40] [7, 8, 24, 32] Pr: 2^{-66.4}  55 paths [7, 8, 24, 32] [6, 10, 22, 26, 30] #elements: 262144 
Testing 7168/8192 [6, 15, 16, 22, 25, 30, 33, 34] [7, 8, 14, 24, 32] Pr: 2^{-67.4}  56 paths [7, 8, 14, 24, 32] [6, 10, 22, 26, 30] #elements: 65536 
Testing 8192/8192 [6, 16, 22, 30, 33, 34, 36, 42] [8, 24, 31, 32, 34] Pr: 2^{-67.4}  56 paths [8, 24, 31, 32, 34] [6, 10, 22, 26, 30] #elements: 65536 
Sorting 354112 elements w.r.t. probability
Storing 8192 differences
1 [7, 23, 31, 36, 42] [6, 22, 30, 34] Pr: 2^{-70.493}  68 paths [6, 22, 30, 34] [8, 24, 32]
2 [30, 36, 38] [6, 22, 30, 34] Pr: 2^{-70.493}  68 paths [6, 22, 30, 34] [8, 24, 32]
3 [7, 23, 30, 31, 36, 38] [6, 22, 30, 34] Pr: 2^{-70.493}  68 paths [6, 22, 30, 34] [8, 24, 32]
sqrt(Sum Pr^2): 2^{-65.826}
-------------------------------------
Round 17
-------------------------------------
Testing 1024/8192 [7, 14, 18, 30, 31, 35, 36, 38, 42] [6, 16, 22, 30, 34] Pr: 2^{-72.645}  65 paths [6, 16, 22, 30, 34] [8, 24, 32] #elements: 262144 
Testing 2048/8192 [18, 23, 30, 36, 38] [6, 16, 22, 30, 34] Pr: 2^{-72.645}  65 paths [6, 16, 22, 30, 34] [8, 24, 32] #elements: 1024 
Testing 3072/8192 [30, 34, 36, 38, 40] [6, 22, 30, 32, 34] Pr: 2^{-72.493}  68 paths [6, 22, 30, 32, 34] [8, 24, 32] #elements: 1024 
Testing 4096/8192 [14, 24, 31, 35, 36, 41, 42] [6, 30, 34, 40] Pr: 2^{-73.815}  57 paths [6, 30, 34, 40] [8, 14, 24, 31, 32] #elements: 16384 
Testing 5120/8192 [7, 14, 30, 31, 36, 38, 41] [6, 22, 30, 33, 34] Pr: 2^{-72.542}  67 paths [6, 22, 30, 33, 34] [8, 23, 24, 32] #elements: 16384 
Testing 6144/8192 [7, 14, 23, 36, 41] [6, 22, 30, 34, 39] Pr: 2^{-73.815}  62 paths [6, 22, 30, 34, 39] [8, 24, 30, 31, 32] #elements: 1024 
Testing 7168/8192 [30, 31, 33, 34, 35, 36, 38, 40, 42] [6, 22, 30, 32, 34] Pr: 2^{-72.493}  68 paths [6, 22, 30, 32, 34] [8, 24, 32] #elements: 262144 
Testing 8192/8192 [7, 27, 30, 31, 33, 36, 38] [6, 22, 25, 30, 34] Pr: 2^{-72.542}  67 paths [6, 22, 25, 30, 34] [8, 24, 32] #elements: 16384 
Sorting 11756 elements w.r.t. probability
Storing 8192 differences
1 [6, 22, 30, 34, 38] [36] Pr: 2^{-72.493}  68 paths [36] [6, 22, 30, 34]
2 [6, 22, 30, 34, 38, 44] [36] Pr: 2^{-72.493}  68 paths [36] [6, 22, 30, 34]
3 [6, 22, 30, 34, 37, 38, 44] [36] Pr: 2^{-72.493}  68 paths [36] [6, 22, 30, 34]
sqrt(Sum Pr^2): 2^{-70.175}
-------------------------------------
Round 18
-------------------------------------
Testing 1024/8192 [6, 15, 16, 22, 30, 32, 34, 38, 44] [14, 30, 36, 42] Pr: 2^{-78.493}  68 paths [14, 30, 36, 42] [6, 22, 30, 34] #elements: 262144 
Testing 2048/8192 [6, 16, 20, 22, 26, 30, 34, 37, 38] [18, 36] Pr: 2^{-76.645}  65 paths [18, 36] [6, 16, 22, 30, 34] #elements: 262144 
Testing 3072/8192 [6, 9, 13, 22, 30, 32, 34, 38] [11, 30, 36] Pr: 2^{-78.493}  69 paths [11, 30, 36] [6, 9, 22, 30, 34] #elements: 65536 
Testing 4096/8192 [6, 22, 24, 25, 30, 31, 33, 34, 39, 44] [23, 30, 31, 36] Pr: 2^{-77.493}  69 paths [23, 30, 31, 36] [6, 22, 30, 34] #elements: 262144 
Testing 5120/8192 [6, 16, 30, 33, 34, 37, 38, 39, 44] [14, 31, 36] Pr: 2^{-76.493}  68 paths [14, 31, 36] [6, 22, 30, 34] #elements: 262144 
Testing 6144/8192 [6, 9, 15, 22, 30, 32, 33, 34, 37, 38, 39, 40, 46] [7, 31, 36, 38] Pr: 2^{-77.493}  69 paths [7, 31, 36, 38] [6, 22, 30, 34] #elements: 262144 
Testing 7168/8192 [6, 16, 22, 26, 30, 34, 38] [14, 24, 36] Pr: 2^{-77.815}  56 paths [14, 24, 36] [6, 30, 34] #elements: 16384 
Testing 8192/8192 [6, 16, 30, 32, 34, 37, 43] [14, 30, 36, 42] Pr: 2^{-78.493}  68 paths [14, 30, 36, 42] [6, 22, 30, 34] #elements: 16384 
Sorting 92160 elements w.r.t. probability
Storing 8192 differences
1 [7, 8, 14, 23, 24, 30, 32, 40, 42] [6, 22, 30, 34, 38] Pr: 2^{-81.689}  73 paths [6, 22, 30, 34, 38] [36]
2 [7, 8, 23, 24, 32, 35, 39, 40, 46] [6, 22, 30, 34, 38] Pr: 2^{-81.689}  73 paths [6, 22, 30, 34, 38] [36]
3 [7, 8, 14, 23, 24, 30, 31, 32, 35, 38, 40] [6, 22, 30, 34, 38] Pr: 2^{-81.689}  73 paths [6, 22, 30, 34, 38] [36]
sqrt(Sum Pr^2): 2^{-76.305}
-------------------------------------
Round 19
-------------------------------------
Testing 1024/8192 [7, 8, 18, 31, 32, 35, 39, 40, 42, 46] [6, 16, 30, 34, 38] Pr: 2^{-83.793}  71 paths [6, 16, 30, 34, 38] [14, 36] #elements: 262144 

Testing 23552/27840 [12, 28, 30, 33] [6, 10, 14, 22, 26, 32] Pr: 2^{-102.085}  72 paths [6, 10, 14, 22, 26, 32] [8, 15, 16, 24] #elements: 256
Testing 24576/27840 [7, 11, 12, 23, 27, 28, 30, 40] [6, 10, 14, 22, 26, 32] Pr: 2^{-102.085}  72 paths [6, 10, 14, 22, 26, 32] [8, 15, 16, 24] #elements: 65536
Testing 25600/27840 [7, 12, 14, 18, 19, 22, 25, 26, 28] [6, 10, 14, 17, 22, 24, 26] Pr: 2^{-102.085}  78 paths [6, 10, 14, 17, 22, 24, 26] [8, 15, 16, 24] #elements: 262144
Sorting 29220 elements w.r.t. probability
Storing 29220 differences
1 [6, 10, 13] [12] Pr: 2^{-99.771}  68 paths [12] [6, 10, 14]
2 [6, 10] [12] Pr: 2^{-99.771}  68 paths [12] [6, 10, 14]
3 [6, 10, 20] [12] Pr: 2^{-99.771}  68 paths [12] [6, 10, 14]
sqrt(Sum Pr^2): 2^{-97.566}
-------------------------------------
Round 30
-------------------------------------
Testing 1024/29220 [6, 9, 10, 13, 18, 19, 25] [12, 17] Pr: 2^{-104.031}  67 paths [12, 17] [6, 9, 10, 14] #elements: 16384
Testing 2048/29220 [6, 10, 13, 17, 21, 26, 33] [12, 18, 19, 25] Pr: 2^{-105.031}  71 paths [12, 18, 19, 25] [6, 10, 14, 17] #elements: 16384
Testing 3072/29220 [6, 9, 10, 15, 17] [7, 12, 14, 15] Pr: 2^{-105.031}  68 paths [7, 12, 14, 15] [6, 10, 14] #elements: 1024
Testing 4096/29220 [6, 10, 20, 22, 25, 26, 30] [12, 23, 28] Pr: 2^{-105.373}  74 paths [12, 23, 28] [6, 10, 14, 22, 26] #elements: 16384
Testing 5120/29220 [6, 10, 13, 17, 21, 23, 24, 26, 27, 30] [12, 18, 19, 22] Pr: 2^{-106.031}  69 paths [12, 18, 19, 22] [6, 10, 14, 17] #elements: 262144
Testing 6144/29220 [6, 10, 17, 19, 20, 21, 23, 24, 26, 30] [12, 18, 19, 22] Pr: 2^{-106.031}  69 paths [12, 18, 19, 22] [6, 10, 14, 17] #elements: 262144
Testing 7168/29220 [6, 8, 9, 10, 12, 15, 17, 20, 21, 27] [7, 11, 12, 19] Pr: 2^{-106.031}  69 paths [7, 11, 12, 19] [6, 10, 14, 17] #elements: 262144
Testing 8192/29220 [6, 8, 9, 10, 24, 27, 28] [7, 12, 26] Pr: 2^{-106.031}  67 paths [7, 12, 26] [6, 10, 14, 24] #elements: 16384
Testing 9216/29220 [6, 9, 10, 13, 15, 16, 17, 19, 20, 23, 26] [7, 12, 15, 18] Pr: 2^{-106.031}  67 paths [7, 12, 15, 18] [6, 10, 14] #elements: 262144
Testing 10240/29220 [6, 8, 9, 10, 12, 13, 17, 19, 20, 21] [7, 11, 12, 19] Pr: 2^{-106.031}  69 paths [7, 11, 12, 19] [6, 10, 14, 17] #elements: 262144
Testing 11264/29220 [6, 10, 12, 22, 23, 29] [11, 12, 21] Pr: 2^{-106.371}  68 paths [11, 12, 21] [6, 10, 14, 20] #elements: 4096
Testing 12288/29220 [6, 10, 13, 16, 17, 21, 26, 27] [12, 19, 25] Pr: 2^{-106.616}  68 paths [12, 19, 25] [6, 10, 14, 16, 17] #elements: 65536
Testing 13312/29220 [6, 10, 15, 16, 20, 22, 26, 29, 30] [12, 14, 27, 28] Pr: 2^{-107.373}  74 paths [12, 14, 27, 28] [6, 10, 14, 22, 26] #elements: 262144
Testing 14336/29220 [6, 10, 13, 20, 22, 23, 24, 25, 26, 30] [12, 22, 23, 28] Pr: 2^{-107.373}  74 paths [12, 22, 23, 28] [6, 10, 14, 22, 26] #elements: 262144
Testing 15360/29220 [6, 10, 20, 22, 24, 25, 26, 29, 30, 31, 35, 36, 42] [12, 23, 28, 34] Pr: 2^{-107.373}  74 paths [12, 23, 28, 34] [6, 10, 14, 22, 26] #elements: 262144
Testing 16384/29220 [6, 10, 20, 22, 29, 30, 35, 36] [12, 18, 27, 28] Pr: 2^{-107.373}  74 paths [12, 18, 27, 28] [6, 10, 14, 22, 26] #elements: 65536
Testing 17408/29220 [6, 10, 13, 17, 20, 22, 24, 25, 26, 30, 31, 36] [12, 15, 23, 28] Pr: 2^{-107.373}  74 paths [12, 15, 23, 28] [6, 10, 14, 22, 26] #elements: 262144
Testing 18432/29220 [6, 10, 13, 15, 16, 20, 26, 29, 30, 32, 36] [12, 14, 28, 30] Pr: 2^{-107.373}  74 paths [12, 14, 28, 30] [6, 10, 14, 22, 26] #elements: 262144
Testing 19456/29220 [6, 10, 13, 16, 22, 23, 24, 26, 30] [12, 14, 22, 28] Pr: 2^{-107.373}  74 paths [12, 14, 22, 28] [6, 10, 14, 22, 26] #elements: 262144
Testing 20480/29220 [6, 10, 13, 19, 22, 25, 26, 29, 30, 31, 36] [12, 18, 23, 28] Pr: 2^{-107.373}  74 paths [12, 18, 23, 28] [6, 10, 14, 22, 26] #elements: 262144
Testing 21504/29220 [6, 10, 13, 15, 16, 22, 26, 30, 36] [12, 14, 28, 34] Pr: 2^{-107.373}  74 paths [12, 14, 28, 34] [6, 10, 14, 22, 26] #elements: 262144
Testing 22528/29220 [6, 10, 17, 26, 27, 33] [12, 15, 25] Pr: 2^{-107.616}  67 paths [12, 15, 25] [6, 10, 14, 23] #elements: 4096
Testing 23552/29220 [6, 9, 10, 12, 13, 20, 22, 26, 29, 30, 36] [11, 12, 28] Pr: 2^{-107.686}  73 paths [11, 12, 28] [6, 9, 10, 14, 22, 26] #elements: 262144
Testing 24576/29220 [6, 10, 13, 22, 25, 26, 28, 29, 30, 34, 36] [12, 26, 28] Pr: 2^{-107.686}  73 paths [12, 26, 28] [6, 10, 14, 22, 25, 26] #elements: 262144
Testing 25600/29220 [6, 10, 13, 19, 25, 30, 32, 36] [12, 18, 24, 28] Pr: 2^{-107.734}  71 paths [12, 18, 24, 28] [6, 10, 14, 26] #elements: 65536
Testing 26624/29220 [6, 10, 19, 26, 29, 30, 36] [12, 18, 24, 28] Pr: 2^{-107.734}  71 paths [12, 18, 24, 28] [6, 10, 14, 26] #elements: 16384
Sorting 6032 elements w.r.t. probability
Storing 6032 differences
1 [8, 11, 18] [6, 10] Pr: 2^{-102.941}  77 paths [6, 10] [12]
2 [7, 8, 14, 18] [6, 10] Pr: 2^{-102.941}  77 paths [6, 10] [12]
3 [7, 8, 11, 14] [6, 10] Pr: 2^{-102.941}  77 paths [6, 10] [12]
sqrt(Sum Pr^2): 2^{-100.369}
-------------------------------------
Round 31
-------------------------------------
Testing 1024/6032 [7, 8, 18, 21, 28] [6, 10, 19, 26] Pr: 2^{-108.186}  71 paths [6, 10, 19, 26] [12, 18] #elements: 1024
Testing 2048/6032 [8, 15, 19] [6, 10, 17, 23] Pr: 2^{-108.497}  70 paths [6, 10, 17, 23] [12, 15] #elements: 64
Testing 3072/6032 [8, 11, 21, 22, 28] [6, 10, 20, 26] Pr: 2^{-109.186}  69 paths [6, 10, 20, 26] [12, 18] #elements: 1024
Testing 4096/6032 [8, 10, 11, 14, 16, 17, 18] [6, 8, 9, 10] Pr: 2^{-109.771}  68 paths [6, 8, 9, 10] [7, 12] #elements: 16384
Testing 5120/6032 [8, 14, 18, 21, 25, 26, 32] [6, 10, 20, 24] Pr: 2^{-109.771} 68 paths [6, 10, 20, 24] [12, 22] #elements: 16384
Sorting 3316 elements w.r.t. probability
Storing 3316 differences
1 [6, 9, 16] [8] Pr: 2^{-104.677}  80 paths [8] [6, 10]
2 [6] [8] Pr: 2^{-104.677}  80 paths [8] [6, 10]
3 [6, 16] [8] Pr: 2^{-104.677}  80 paths [8] [6, 10]
sqrt(Sum Pr^2): 2^{-102.939}
-------------------------------------
Round 32
-------------------------------------
Testing 1024/3316 [6, 16, 19, 20, 22] [7, 8, 14, 18] Pr: 2^{-109.941}  78 paths [7, 8, 14, 18] [6, 10] #elements: 1024
Testing 2048/3316 [6, 9, 13, 17, 20] [8, 14, 15, 18] Pr: 2^{-110.981}  78 paths [8, 14, 15, 18] [6, 10, 13] #elements: 1024
Testing 3072/3316 [6, 9, 12, 17, 19, 22] [7, 8, 11, 14, 15] Pr: 2^{-111.981}  80 paths [7, 8, 11, 14, 15] [6, 10, 13] #elements: 4096
Sorting 1132 elements w.r.t. probability
Storing 1132 differences
1 [] [6] Pr: 2^{-105.999}  83 paths [6] [8]
2 [14] [6] Pr: 2^{-105.999}  83 paths [6] [8]
3 [7] [6] Pr: 2^{-105.999}  83 paths [6] [8]
sqrt(Sum Pr^2): 2^{-104.577}
-------------------------------------
Round 33
-------------------------------------
Testing 1024/1132 [7, 10, 14, 16, 23, 24] [6, 8, 22] Pr: 2^{-113.941}  78 paths [6, 8, 22] [7, 8, 14] #elements: 4096
Sorting 173 elements w.r.t. probability
Storing 173 differences
1 [6] [] Pr: 2^{-105.999}  83 paths [] [6]
2 [6, 8, 9, 15] [7] Pr: 2^{-107.999}  83 paths [7] [6]
3 [6, 9, 15] [7] Pr: 2^{-107.999}  83 paths [7] [6]
sqrt(Sum Pr^2): 2^{-105.619}
-------------------------------------
Round 34
-------------------------------------
1 [7, 8] [6] Pr: 2^{-107.999}  83 paths [6] []
2 [8, 14] [6] Pr: 2^{-107.999}  83 paths [6] []
3 [7, 8, 14] [6] Pr: 2^{-107.999}  83 paths [6] []
sqrt(Sum Pr^2): 2^{-106.964}
-------------------------------------
Round 35
-------------------------------------
Sorting 113 elements w.r.t. probability
Storing 113 differences
1 [6, 10] [8] Pr: 2^{-109.999}  83 paths [8] [6]
2 [6, 9, 10, 16] [8] Pr: 2^{-109.999}  83 paths [8] [6]
3 [6, 9, 10] [8] Pr: 2^{-109.999}  83 paths [8] [6]
sqrt(Sum Pr^2): 2^{-108.647}
-------------------------------------
Round 36
-------------------------------------
1 [12, 14] [6, 10] Pr: 2^{-113.298}  86 paths [6, 10] [8]
2 [11, 12, 14, 18] [6, 10] Pr: 2^{-113.298}  86 paths [6, 10] [8]
3 [12, 14, 18] [6, 10] Pr: 2^{-113.298}  86 paths [6, 10] [8]
sqrt(Sum Pr^2): 2^{-110.901}
-------------------------------------
Round 37
-------------------------------------
Testing 1024/2512 [7, 12, 14, 16, 17, 23] [6, 10, 15, 16] Pr: 2^{-118.677}  85 paths [6, 10, 15, 16] [7, 8] #elements: 4096
Testing 2048/2512 [7, 12, 14] [6, 8, 9, 10] Pr: 2^{-119.414}  84 paths [6, 8, 9, 10] [7, 8] #elements: 64
Sorting 6208 elements w.r.t. probability
Storing 6208 differences
1 [6, 10, 14] [12] Pr: 2^{-115.298}  86 paths [12] [6, 10]
2 [6, 10, 14, 20] [12] Pr: 2^{-115.298}  86 paths [12] [6, 10]
3 [6, 10, 13, 14, 20] [12] Pr: 2^{-115.298}  86 paths [12] [6, 10]
sqrt(Sum Pr^2): 2^{-113.46}
-------------------------------------
Round 38
-------------------------------------
Testing 1024/6208 [6, 10, 13, 14, 16, 18, 19, 20, 26, 32] [12, 17, 24] Pr: 2^{-120.298}  87 paths [12, 17, 24] [6, 10, 16] #elements: 262144
Testing 2048/6208 [6, 10, 13, 14, 15, 19, 22, 25] [12, 14, 17] Pr: 2^{-121.298} 86 paths [12, 14, 17] [6, 10, 16] #elements: 65536
Testing 3072/6208 [6, 10, 13, 14] [7, 12, 14] Pr: 2^{-121.298}  91 paths [7, 12, 14] [6, 9, 10, 16] #elements: 256
Testing 4096/6208 [6, 8, 10, 13, 14, 15, 16, 19, 26] [7, 12, 18] Pr: 2^{-122.298}  90 paths [7, 12, 18] [6, 9, 10, 16] #elements: 262144
Testing 5120/6208 [6, 9, 10, 12, 13, 14, 15] [11, 12] Pr: 2^{-122.677}  85 paths  [11, 12] [6, 9, 10, 15] #elements: 16384
Sorting 17088 elements w.r.t. probability
Storing 17088 differences
1 [7, 8, 16, 18, 22] [6, 10, 14] Pr: 2^{-120.431}  93 paths [6, 10, 14] [12]
2 [7, 8, 14, 15, 16, 18] [6, 10, 14] Pr: 2^{-120.431}  93 paths [6, 10, 14] [12]
3 [7, 8, 11, 16, 18, 22] [6, 10, 14] Pr: 2^{-120.431}  93 paths [6, 10, 14] [12]
sqrt(Sum Pr^2): 2^{-116.884}
-------------------------------------
Round 39
-------------------------------------
Testing 1024/17088 [7, 8, 11, 15, 16] [6, 9, 10, 14] Pr: 2^{-123.713}  91 paths [6, 9, 10, 14] [12] #elements: 1024
Testing 2048/17088 [7, 8, 14, 16, 20, 21] [6, 10, 13, 14, 19] Pr: 2^{-124.976} 91 paths [6, 10, 13, 14, 19] [11, 12] #elements: 4096
Testing 3072/17088 [7, 8, 11, 14, 16, 17, 18, 21, 22, 24] [6, 10, 13, 14, 16] Pr: 2^{-125.298}  89 paths [6, 10, 13, 14, 16] [12] #elements: 262144
Testing 4096/17088 [7, 8, 16, 21, 27, 28] [6, 10, 14, 19, 26] Pr: 2^{-125.713} 89 paths [6, 10, 14, 19, 26] [12, 18] #elements: 4096
Testing 5120/17088 [8, 16, 28] [6, 10, 13, 14, 26] Pr: 2^{-125.713}  89 paths [6, 10, 13, 14, 26] [12, 18] #elements: 64
Testing 6144/17088 [8, 14, 16, 18, 20, 21, 22, 28] [6, 10, 14, 19, 20] Pr: 2^{-125.976}  88 paths [6, 10, 14, 19, 20] [11, 12] #elements: 65536
Testing 7168/17088 [7, 8, 10, 11, 14, 15, 16, 18, 28] [6, 9, 10, 14, 20] Pr: 2^{-126.298}  87 paths [6, 9, 10, 14, 20] [7, 12] #elements: 262144
Testing 8192/17088 [8, 14, 16, 17] [6, 9, 10, 14, 16] Pr: 2^{-126.298}  90 paths [6, 9, 10, 14, 16] [7, 12, 14] #elements: 256
Testing 9216/17088 [8, 14, 15, 16, 18, 21, 22] [6, 10, 12, 14, 20] Pr: 2^{-126.713}  87 paths [6, 10, 12, 14, 20] [11, 12] #elements: 16384
Testing 10240/17088 [7, 8, 16, 20] [6, 10, 12, 14, 20] Pr: 2^{-126.713}  87 paths [6, 10, 12, 14, 20] [11, 12] #elements: 256
Testing 11264/17088 [7, 8, 11, 15, 16, 22, 23, 24, 30] [6, 10, 14, 22] Pr: 2^{-127.166}  87 paths [6, 10, 14, 22] [12, 14] #elements: 262144
Testing 12288/17088 [8, 10, 11, 14, 17, 22, 23] [6, 9, 10, 14, 15] Pr: 2^{-127.298}  86 paths [6, 9, 10, 14, 15] [7, 12] #elements: 16384
Testing 13312/17088 [7, 8] [6, 10, 14, 15, 16] Pr: 2^{-127.298}  86 paths [6, 10, 14, 15, 16] [12, 14] #elements: 16
Testing 14336/17088 [7, 8, 11, 14, 16, 22, 23, 24] [6, 10, 14, 15, 16] Pr: 2^{-127.298}  86 paths [6, 10, 14, 15, 16] [12, 14] #elements: 65536
Testing 15360/17088 [7, 8, 11, 15, 16, 18, 20, 22, 27, 28, 34] [6, 10, 12, 14, 26] Pr: 2^{-128.298}  87 paths [6, 10, 12, 14, 26] [11, 12, 18] #elements: 262144
Sorting 31684 elements w.r.t. probability
Storing 31684 differences
1 [6, 9, 14, 17, 18] [8, 16] Pr: 2^{-124.12}  96 paths [8, 16] [6, 10, 14]
2 [6, 14, 17, 18, 24] [8, 16] Pr: 2^{-124.12}  96 paths [8, 16] [6, 10, 14]
3 [6, 14, 16, 17, 18, 24] [8, 16] Pr: 2^{-124.12}  96 paths [8, 16] [6, 10, 14]
sqrt(Sum Pr^2): 2^{-120.879}
-------------------------------------
Round 40
-------------------------------------
Testing 1024/31684 [6, 9, 12, 13, 14, 17, 18, 19, 24] [8, 11, 15, 16] Pr: 2^{-127.431}  94 paths [8, 11, 15, 16] [6, 10, 14] #elements: 262144
Testing 2048/31684 [6, 9, 13, 14, 17, 18, 19, 23, 30] [8, 11, 15, 16, 22] Pr: 2^{-128.431}  96 paths [8, 11, 15, 16, 22] [6, 10, 14] #elements: 262144
Testing 3072/31684 [6, 9, 12, 13, 14, 18, 20] [8, 11, 15, 16, 18] Pr: 2^{-128.431}  96 paths [8, 11, 15, 16, 18] [6, 10, 14] #elements: 16384
Testing 4096/31684 [6, 9, 14, 17, 18, 23] [7, 8, 14, 15, 16] Pr: 2^{-128.431}  96 paths [7, 8, 14, 15, 16] [6, 10, 14] #elements: 4096
Testing 5120/31684 [6, 14, 16, 18, 20] [7, 8, 16] Pr: 2^{-128.481}  91 paths [7, 8, 16] [6, 10, 14, 20] #elements: 1024
Testing 6144/31684 [6, 9, 13, 14, 16, 17, 18, 19, 20, 23, 24, 26] [8, 15, 16, 18] Pr: 2^{-128.481}  98 paths [8, 15, 16, 18] [6, 10, 13, 14] #elements: 262144
Testing 7168/31684 [6, 9, 12, 13, 14, 15, 17, 18, 19, 20, 24] [7, 8, 11, 16, 18] Pr: 2^{-129.431}  94 paths [7, 8, 11, 16, 18] [6, 10, 14] #elements: 262144
Testing 8192/31684 [6, 9, 13, 14, 18, 19, 20, 24] [8, 11, 16, 18, 22] Pr: 2^{-129.431}  94 paths [8, 11, 16, 18, 22] [6, 10, 14] #elements: 65536
Testing 9216/31684 [6, 9, 14, 15, 18, 19, 20, 23, 26] [8, 14, 15, 16, 18] Pr: 2^{-129.431}  94 paths [8, 14, 15, 16, 18] [6, 10, 14] #elements: 262144
Testing 10240/31684 [6, 8, 9, 14, 15, 18, 24] [7, 8, 14, 16, 22] Pr: 2^{-129.431}  94 paths [7, 8, 14, 16, 22] [6, 10, 14] #elements: 16384
Testing 11264/31684 [6, 13, 14, 18, 20] [7, 8, 11, 16, 18] Pr: 2^{-129.431}  94 paths [7, 8, 11, 16, 18] [6, 10, 14] #elements: 1024
Testing 12288/31684 [6, 8, 13, 14, 16, 18, 23, 24] [7, 8, 14, 15, 16] Pr: 2^{-129.481}  100 paths [7, 8, 14, 15, 16] [6, 10, 13, 14] #elements: 65536
Testing 13312/31684 [6, 9, 14, 16, 17, 18, 19, 23, 24] [8, 11, 15, 16, 22] Pr: 2^{-129.481}  100 paths [8, 11, 15, 16, 22] [6, 10, 13, 14] #elements: 262144
Testing 14336/31684 [6, 13, 14, 15, 16, 18, 23, 30] [7, 8, 16, 22] Pr: 2^{-129.481}  97 paths [7, 8, 16, 22] [6, 10, 13, 14] #elements: 65536
Testing 15360/31684 [6, 13, 14, 15, 16, 17, 18, 22, 23] [8, 14, 16, 22] Pr: 2^{-129.481}  97 paths [8, 14, 16, 22] [6, 10, 13, 14] #elements: 262144
Testing 16384/31684 [6, 13, 14, 15, 16, 18, 20, 26] [8, 14, 16, 18] Pr: 2^{-129.481}  97 paths [8, 14, 16, 18] [6, 10, 13, 14] #elements: 65536
Testing 17408/31684 [6, 12, 14, 16, 17, 18, 19] [7, 8, 11, 16] Pr: 2^{-129.481} 97 paths [7, 8, 11, 16] [6, 10, 13, 14] #elements: 16384
Testing 18432/31684 [6, 13, 14, 16, 18, 20, 23, 30, 36] [8, 16, 21, 28] Pr: 2^{-129.598}  102 paths [8, 16, 21, 28] [6, 10, 13, 14, 20] #elements: 262144
Testing 19456/31684 [6, 12, 14, 18, 19, 24] [8, 11, 16, 18] Pr: 2^{-129.598}  102 paths [8, 11, 16, 18] [6, 10, 13, 14, 20] #elements: 4096
Testing 20480/31684 [6, 8, 9, 13, 14, 15, 16, 18, 19] [7, 8, 11, 16, 22] Pr: 2^{-130.431}  93 paths [7, 8, 11, 16, 22] [6, 10, 14] #elements: 262144
Testing 21504/31684 [6, 13, 14, 15, 16, 17, 18, 23, 24] [8, 11, 14, 16, 22] Pr: 2^{-130.431}  93 paths [8, 11, 14, 16, 22] [6, 10, 14] #elements: 262144
Testing 22528/31684 [6, 14, 16, 17, 18, 19, 20, 24, 26, 30] [7, 8, 16, 18, 22] Pr: 2^{-130.431}  93 paths [7, 8, 16, 18, 22] [6, 10, 14] #elements: 262144
Testing 23552/31684 [6, 13, 14, 15, 16, 17, 18, 19, 20, 24] [7, 8, 11, 16] Pr: 2^{-130.481}  91 paths [7, 8, 11, 16] [6, 10, 14, 20] #elements: 262144
Testing 24576/31684 [6, 12, 14, 17, 18, 22, 23, 24] [8, 11, 15, 16, 21] Pr: 2^{-130.481}  98 paths [8, 11, 15, 16, 21] [6, 10, 13, 14] #elements: 65536
Testing 25600/31684 [6, 8, 13, 14, 15, 16, 17, 18, 19, 20, 22, 24] [7, 8, 14, 16, 18] Pr: 2^{-130.481}  98 paths [7, 8, 14, 16, 18] [6, 10, 13, 14] #elements: 262144
Testing 26624/31684 [6, 9, 13, 14, 18] [7, 8, 15, 16, 21] Pr: 2^{-130.481}  98 paths [7, 8, 15, 16, 21] [6, 10, 13, 14] #elements: 1024
Testing 27648/31684 [6, 8, 13, 14, 15, 18, 22, 24, 30] [7, 8, 14, 16, 22] Pr: 2^{-130.481}  98 paths [7, 8, 14, 16, 22] [6, 10, 13, 14] #elements: 262144
Testing 28672/31684 [6, 8, 14, 15, 17, 18, 20] [7, 8, 11, 16, 18] Pr: 2^{-130.481}  98 paths [7, 8, 11, 16, 18] [6, 10, 13, 14] #elements: 16384
Testing 29696/31684 [6, 12, 14, 15, 17, 18, 19, 20, 22, 26] [8, 11, 14, 16, 18] Pr: 2^{-130.481}  98 paths [8, 11, 14, 16, 18] [6, 10, 13, 14] #elements: 262144
Sorting 24512 elements w.r.t. probability
Storing 24512 differences
1 [7, 14, 15, 19, 20, 22, 26] [6, 14, 18] Pr: 2^{-128.544}  105 paths [6, 14, 18] [8, 16]
2 [14, 20] [6, 14, 18] Pr: 2^{-128.544}  105 paths [6, 14, 18] [8, 16]
3 [14, 15, 19, 20, 26] [6, 14, 18] Pr: 2^{-128.544}  105 paths [6, 14, 18] [8, 16]
sqrt(Sum Pr^2): 2^{-124.919}

-------------------------------------
Round 25
-------------------------------------
Sorting 4 elements w.r.t. probability
Storing 4 differences
1 [6] [7, 8, 14] Pr: 2^{-2} [] [6]
2 [6] [8, 14] Pr: 2^{-2} [] [6]
3 [6] [7, 8] Pr: 2^{-2} [] [6]
sqrt(Sum Pr^2): 2^{-1}
-------------------------------------
Round 24
-------------------------------------
Sorting 68 elements w.r.t. probability
Storing 68 differences
1 [8] [6, 9, 10] Pr: 2^{-4} [6] [8]
2 [8] [6, 10, 16] Pr: 2^{-4} [6] [8]
3 [8] [6, 9, 10, 16] Pr: 2^{-4} [6] [8]
sqrt(Sum Pr^2): 2^{-2.65}
-------------------------------------
Round 23
-------------------------------------
Sorting 4326 elements w.r.t. probability
Storing 4326 differences
1 [6, 10] [7, 12, 14] Pr: 2^{-7.3}  4 paths [7, 8] [6, 10]
2 [6, 10] [11, 12, 14, 18] Pr: 2^{-7.3}  4 paths [7, 8] [6, 10]
3 [6, 10] [11, 12, 14] Pr: 2^{-7.3}  4 paths [7, 8] [6, 10]
sqrt(Sum Pr^2): 2^{-4.918}
-------------------------------------
Round 22
-------------------------------------
Testing 1024/4326 [6, 8, 10, 15, 16] [10, 11, 12, 16, 17, 18, 24] Pr: 2^{-15}  2 paths [7, 8] [6, 8, 10, 15, 16] #elements: 16384 
Testing 2048/4326 [6, 9, 10, 15] [7, 10, 12, 14, 23] Pr: 2^{-13}  2 paths [7, 8] [6, 9, 10, 15] #elements: 1024 
Testing 3072/4326 [6, 9, 10, 15] [10, 12, 16, 18, 23] Pr: 2^{-13}  2 paths [7, 8] [6, 9, 10, 15] #elements: 1024 
Testing 4096/4326 [6, 9, 10, 15, 16] [10, 12, 14, 18] Pr: 2^{-15}  2 paths [7, 8] [6, 9, 10, 15, 16] #elements: 256 
Sorting 1421 elements w.r.t. probability
Storing 1421 differences
1 [12] [6, 10, 13, 14] Pr: 2^{-9.3}  4 paths [6, 10] [12]
2 [12] [6, 10, 14] Pr: 2^{-9.3}  4 paths [6, 10] [12]
3 [12] [6, 10, 13, 14, 20] Pr: 2^{-9.3}  4 paths [6, 10] [12]
sqrt(Sum Pr^2): 2^{-7.512}
-------------------------------------
Round 21
-------------------------------------
Testing 1024/1421 [7, 12, 18] [6, 9, 10, 14, 20] Pr: 2^{-13.3}  4 paths [6, 10] [7, 12, 18] #elements: 1024 
Sorting 1984 elements w.r.t. probability
Storing 1984 differences
1 [6, 10, 14] [8, 14, 16, 22] Pr: 2^{-14.492}  9 paths [12] [6, 10, 14]
2 [6, 10, 14] [8, 11, 14, 15, 16] Pr: 2^{-14.492}  9 paths [12] [6, 10, 14]
3 [6, 10, 14] [8, 14, 16, 18] Pr: 2^{-14.492}  9 paths [12] [6, 10, 14]
sqrt(Sum Pr^2): 2^{-11.059}
-------------------------------------
Round 20
-------------------------------------
Testing 1024/1984 [6, 10, 14, 16] [7, 8, 11, 14, 16, 17, 22, 24] Pr: 2^{-18.3}  5 paths [12, 14] [6, 10, 14, 16] #elements: 65536 
Sorting 23568 elements w.r.t. probability
Storing 8192 differences
1 [8, 16] [6, 9, 14, 16, 18] Pr: 2^{-18.3}  11 paths [6, 10, 14] [8, 16]
2 [8, 16] [6, 9, 14, 17, 18] Pr: 2^{-18.3}  11 paths [6, 10, 14] [8, 16]
3 [8, 16] [6, 14, 16, 17, 18, 24] Pr: 2^{-18.3}  11 paths [6, 10, 14] [8, 16]
sqrt(Sum Pr^2): 2^{-15.185}
-------------------------------------
Round 19
-------------------------------------
Testing 1024/8192 [8, 16, 18] [6, 9, 14, 17, 18, 20, 24] Pr: 2^{-20.492}  9 paths [6, 10, 14] [8, 16, 18] #elements: 16384 
Testing 2048/8192 [8, 15, 16, 18] [6, 9, 13, 14, 16, 17, 18, 20, 23] Pr: 2^{-22.599}  12 paths [6, 10, 13, 14] [8, 15, 16, 18] #elements: 262144 
Testing 3072/8192 [7, 8, 14, 16] [6, 14, 17, 18, 24] Pr: 2^{-21.492}  10 paths [6, 10, 14] [7, 8, 14, 16] #elements: 1024 
Testing 4096/8192 [8, 16, 18, 22] [6, 14, 16, 17, 18, 20, 30] Pr: 2^{-22.492}  9 paths [6, 10, 14] [8, 16, 18, 22] #elements: 16384 
Testing 5120/8192 [8, 11, 15, 16, 22] [6, 9, 13, 14, 18, 23] Pr: 2^{-22.492}  12 paths [6, 10, 14] [8, 11, 15, 16, 22] #elements: 4096 
Testing 6144/8192 [8, 11, 15, 16, 22] [6, 13, 14, 18, 19, 24, 30] Pr: 2^{-22.492}  12 paths [6, 10, 14] [8, 11, 15, 16, 22] #elements: 16384 
Testing 7168/8192 [7, 8, 11, 16] [6, 8, 9, 13, 14, 15, 16, 17, 18, 24] Pr: 2^{-22.492}  9 paths [6, 10, 14] [7, 8, 11, 16] #elements: 262144 
Testing 8192/8192 [7, 8, 11, 16, 18] [6, 8, 9, 12, 13, 14, 17, 18, 20, 26] Pr: 2^{-23.492}  10 paths [6, 10, 14] [7, 8, 11, 16, 18] #elements: 262144 
Sorting 70848 elements w.r.t. probability
Storing 8192 differences
1 [6, 14, 18] [7, 20, 26] Pr: 2^{-22.782}  23 paths [8, 16] [6, 14, 18]
2 [6, 14, 18] [7, 14, 19, 20, 22, 26] Pr: 2^{-22.782}  23 paths [8, 16] [6, 14, 18]
3 [6, 14, 18] [14, 19, 20, 22, 26] Pr: 2^{-22.782}  23 paths [8, 16] [6, 14, 18]
sqrt(Sum Pr^2): 2^{-19.226}
-------------------------------------
Round 18
-------------------------------------
Testing 1024/8192 [6, 9, 14, 17, 18] [7, 10, 11, 19, 20] Pr: 2^{-27.745}  12 paths [8, 16] [6, 9, 14, 17, 18] #elements: 1024 
Testing 2048/8192 [6, 14, 17, 18] [7, 14, 18, 19, 20, 25, 26] Pr: 2^{-24.882}  19 paths [8, 16] [6, 14, 17, 18] #elements: 16384 
Testing 3072/8192 [6, 9, 14, 18, 24] [7, 10, 11, 15, 20] Pr: 2^{-27.745}  12 paths [8, 16] [6, 9, 14, 18, 24] #elements: 1024 
Testing 4096/8192 [6, 14, 17, 18, 24] [7, 15, 20, 22, 25, 26, 32] Pr: 2^{-26.745}  14 paths [8, 16] [6, 14, 17, 18, 24] #elements: 16384 
Testing 5120/8192 [6, 9, 14, 17, 18] [11, 17, 18, 19, 20, 25, 26] Pr: 2^{-27.745}  12 paths [8, 16] [6, 9, 14, 17, 18] #elements: 16384 
Testing 6144/8192 [6, 14, 17, 18, 24] [14, 15, 20, 22, 25] Pr: 2^{-26.745}  14 paths [8, 16] [6, 14, 17, 18, 24] #elements: 1024 
Testing 7168/8192 [6, 14, 16, 18, 24] [7, 14, 17, 18, 19, 20, 24, 26] Pr: 2^{-27.641}  12 paths [8, 14, 15, 16] [6, 14, 16, 18, 24] #elements: 65536 
Testing 8192/8192 [6, 9, 14, 18, 24] [10, 11, 14, 17, 19, 20, 25, 32] Pr: 2^{-27.745}  12 paths [8, 16] [6, 9, 14, 18, 24] #elements: 65536 
Sorting 6328 elements w.r.t. probability
Storing 6328 differences
1 [20] [6, 14, 18, 21, 22] Pr: 2^{-24.782}  23 paths [6, 14, 18] [20]
2 [20] [6, 14, 18, 21, 22, 28] Pr: 2^{-24.782}  23 paths [6, 14, 18] [20]
3 [20] [6, 14, 18, 22, 28] Pr: 2^{-24.782}  23 paths [6, 14, 18] [20]
sqrt(Sum Pr^2): 2^{-22.686}
-------------------------------------
Round 17
-------------------------------------
Testing 1024/6328 [7, 14, 20, 26] [6, 9, 14, 16, 18, 21, 22, 27, 28] Pr: 2^{-29.782}  24 paths [6, 14, 18] [7, 14, 20, 26] #elements: 262144 
Testing 2048/6328 [15, 20] [6, 14, 16, 17, 18, 22, 23, 24] Pr: 2^{-28.882}  19 paths [6, 14, 18, 24] [15, 20] #elements: 65536 
Testing 3072/6328 [14, 15, 20] [6, 14, 15, 17, 18, 21, 22, 28] Pr: 2^{-28.782}  23 paths [6, 14, 18] [14, 15, 20] #elements: 65536 
Testing 4096/6328 [7, 15, 19, 20, 26] [6, 9, 14, 15, 16, 17, 18, 22, 23, 27, 28] Pr: 2^{-31.782}  24 paths [6, 14, 18] [7, 15, 19, 20, 26] #elements: 262144 
Testing 5120/6328 [7, 20, 22, 26] [6, 8, 9, 14, 18, 21, 22, 24] Pr: 2^{-30.782}  23 paths [6, 14, 18] [7, 20, 22, 26] #elements: 65536 
Testing 6144/6328 [7, 15, 19, 20, 26] [6, 8, 9, 14, 16, 17, 18, 22, 34] Pr: 2^{-31.782}  24 paths [6, 14, 18] [7, 15, 19, 20, 26] #elements: 262144 
Sorting 14080 elements w.r.t. probability
Storing 8192 differences
1 [6, 14, 18, 22] [7, 8, 16, 23, 24, 30] Pr: 2^{-31.981}  28 paths [20] [6, 14, 18, 22]
2 [6, 14, 18, 22] [8, 16, 22, 23, 24, 30] Pr: 2^{-31.981}  28 paths [20] [6, 14, 18, 22]
3 [6, 14, 18, 22] [7, 8, 15, 16, 24] Pr: 2^{-31.981}  28 paths [20] [6, 14, 18, 22]
sqrt(Sum Pr^2): 2^{-27.523}
-------------------------------------
Round 16
-------------------------------------
Testing 1024/8192 [6, 14, 18, 22, 27] [7, 8, 14, 15, 16, 23, 24, 26, 28, 29, 30] Pr: 2^{-35.46}  25 paths [20, 26] [6, 14, 18, 22, 27] #elements: 262144 
Testing 2048/8192 [6, 14, 18, 21, 22, 28] [8, 16, 19, 24, 26, 30, 36] Pr: 2^{-34.782}  26 paths [20] [6, 14, 18, 21, 22, 28] #elements: 16384 
Testing 3072/8192 [6, 14, 18, 22, 24] [8, 14, 15, 16, 19, 22, 24] Pr: 2^{-35.831}  24 paths [20, 22] [6, 14, 18, 22, 24] #elements: 16384 
Testing 4096/8192 [6, 14, 18, 22, 27] [7, 8, 14, 15, 16, 23, 24, 26, 28, 29, 35] Pr: 2^{-35.46}  25 paths [20, 26] [6, 14, 18, 22, 27] #elements: 262144 
Testing 5120/8192 [6, 14, 18, 21, 22] [7, 8, 14, 16, 23, 24, 26, 30] Pr: 2^{-33.081}  30 paths [20] [6, 14, 18, 21, 22] #elements: 65536 
Testing 6144/8192 [6, 14, 18, 22, 27] [8, 14, 15, 16, 23, 24, 28, 29, 35] Pr: 2^{-35.46}  25 paths [20, 26] [6, 14, 18, 22, 27] #elements: 262144 
Testing 7168/8192 [6, 14, 17, 18, 22] [8, 15, 16, 23, 24, 26, 30] Pr: 2^{-35.831}  24 paths [15, 20] [6, 14, 17, 18, 22] #elements: 16384 
Testing 8192/8192 [6, 14, 18, 20, 22] [8, 14, 15, 16, 19, 24, 28, 30] Pr: 2^{-36.197}  24 paths [19, 20] [6, 14, 18, 20, 22] #elements: 65536 
Sorting 166784 elements w.r.t. probability
Storing 8192 differences
1 [8, 16, 24] [6, 10, 14, 17, 22, 26] Pr: 2^{-37.794}  26 paths [6, 14, 17, 18, 22] [8, 16, 24]
2 [8, 16, 24] [6, 9, 10, 14, 16, 22, 26, 32] Pr: 2^{-37.794}  26 paths [6, 14, 17, 18, 22] [8, 16, 24]
3 [8, 16, 24] [6, 10, 14, 16, 22, 26, 32] Pr: 2^{-37.794}  26 paths [6, 14, 17, 18, 22] [8, 16, 24]
sqrt(Sum Pr^2): 2^{-33.632}
-------------------------------------
Round 15
-------------------------------------
Testing 1024/8192 [8, 16, 23, 24] [6, 9, 10, 14, 17, 22, 26] Pr: 2^{-38.981}  29 paths [6, 14, 18, 22] [8, 16, 23, 24] #elements: 16384 
Testing 2048/8192 [8, 15, 16, 24] [6, 10, 14, 16, 17, 22, 23, 25, 26, 32] Pr: 2^{-38.981}  29 paths [6, 14, 18, 22] [8, 15, 16, 24] #elements: 262144 
Testing 3072/8192 [8, 15, 16, 22, 24] [6, 10, 14, 16, 22, 23, 24, 25, 26, 32] Pr: 2^{-39.981}  31 paths [6, 14, 18, 22] [8, 15, 16, 22, 24] #elements: 262144 
Testing 4096/8192 [8, 15, 16, 24, 30] [6, 9, 10, 14, 16, 22, 23, 24, 25, 26, 38] Pr: 2^{-40.981}  29 paths [6, 14, 18, 22] [8, 15, 16, 24, 30] #elements: 262144 
Testing 5120/8192 [7, 8, 14, 16, 24] [6, 8, 9, 10, 14, 16, 24, 26] Pr: 2^{-40.981}  29 paths [6, 14, 18, 22] [7, 8, 14, 16, 24] #elements: 65536 
Testing 6144/8192 [8, 16, 19, 24] [6, 10, 14, 16, 17, 20, 21, 22, 25, 26, 27, 32] Pr: 2^{-39.885}  25 paths [6, 14, 18, 22, 24] [8, 16, 19, 24] #elements: 262144 
Testing 7168/8192 [8, 15, 16, 19, 24] [6, 9, 10, 14, 17, 21, 22, 25, 26, 32] Pr: 2^{-40.981}  29 paths [6, 14, 18, 22] [8, 15, 16, 19, 24] #elements: 262144 
Testing 8192/8192 [8, 14, 15, 16, 24] [6, 10, 14, 15, 17, 25, 26] Pr: 2^{-40.981}  29 paths [6, 14, 18, 22] [8, 14, 15, 16, 24] #elements: 16384 
Sorting 1130752 elements w.r.t. probability
Storing 8192 differences
1 [6, 10, 14, 22, 26] [11, 12, 14, 22, 28, 34] Pr: 2^{-45.796}  45 paths [8, 16, 23, 24, 30] [6, 10, 14, 22, 26]
2 [6, 10, 14, 22, 26] [7, 12, 15, 18, 23, 28] Pr: 2^{-45.796}  45 paths [8, 16, 23, 24, 30] [6, 10, 14, 22, 26]
3 [6, 10, 14, 22, 26] [7, 11, 12, 15, 28] Pr: 2^{-45.796}  45 paths [8, 16, 23, 24, 30] [6, 10, 14, 22, 26]
sqrt(Sum Pr^2): 2^{-40.349}
-------------------------------------
Round 14
-------------------------------------
Testing 1024/8192 [6, 10, 14, 17, 22, 26] [7, 11, 12, 14, 18, 19, 22, 23, 25, 28, 30] Pr: 2^{-46.796}  55 paths [8, 16, 24] [6, 10, 14, 17, 22, 26] #elements: 262144 
Testing 2048/8192 [6, 10, 14, 17, 22, 26] [12, 14, 15, 18, 19, 23, 25, 28] Pr: 2^{-46.796}  55 paths [8, 16, 24] [6, 10, 14, 17, 22, 26] #elements: 65536 
Testing 3072/8192 [6, 10, 14, 22, 26] [11, 12, 14, 18, 28, 30, 34] Pr: 2^{-45.796}  45 paths [8, 16, 23, 24, 30] [6, 10, 14, 22, 26] #elements: 16384 
Testing 4096/8192 [6, 10, 14, 22, 25, 26] [7, 12, 18, 28, 33, 34] Pr: 2^{-47.719}  42 paths [8, 16, 24] [6, 10, 14, 22, 25, 26] #elements: 4096 
Testing 5120/8192 [6, 10, 14, 22, 25, 26] [7, 11, 12, 14, 15, 23, 27, 28, 30] Pr: 2^{-47.719}  42 paths [8, 16, 24] [6, 10, 14, 22, 25, 26] #elements: 262144 
Testing 6144/8192 [6, 10, 14, 22, 25, 26] [11, 12, 18, 22, 28, 34] Pr: 2^{-47.719}  42 paths [8, 16, 24] [6, 10, 14, 22, 25, 26] #elements: 4096 
Testing 7168/8192 [6, 10, 14, 22, 25, 26] [7, 12, 22, 26, 28, 33] Pr: 2^{-47.719}  42 paths [8, 16, 24] [6, 10, 14, 22, 25, 26] #elements: 4096 
Testing 8192/8192 [6, 10, 14, 17, 22, 26] [7, 12, 14, 15, 19, 28] Pr: 2^{-46.796}  55 paths [8, 16, 24] [6, 10, 14, 17, 22, 26] #elements: 4096 
Sorting 168192 elements w.r.t. probability
Storing 8192 differences
1 [12, 28] [6, 10, 13, 22, 26, 30] Pr: 2^{-49.796}  45 paths [6, 10, 14, 22, 26] [12, 28]
2 [12, 28] [6, 10, 22, 26, 29, 30] Pr: 2^{-49.796}  45 paths [6, 10, 14, 22, 26] [12, 28]
3 [12, 28] [6, 10, 13, 22, 26, 29, 30] Pr: 2^{-49.796}  45 paths [6, 10, 14, 22, 26] [12, 28]
sqrt(Sum Pr^2): 2^{-46.5}
-------------------------------------
Round 13
-------------------------------------
Testing 1024/8192 [12, 28, 33] [6, 10, 22, 25, 26, 29, 30, 35, 36, 41] Pr: 2^{-53.719}  42 paths [6, 10, 14, 22, 25, 26] [12, 28, 33] #elements: 262144 
Testing 2048/8192 [7, 12, 28, 34] [6, 9, 10, 20, 22, 26, 29, 30, 35, 36, 42] Pr: 2^{-53.796}  45 paths [6, 10, 14, 22, 26] [7, 12, 28, 34] #elements: 262144 
Testing 3072/8192 [11, 12, 18, 28] [6, 10, 13, 20, 22, 26, 30] Pr: 2^{-52.796}  46 paths [6, 10, 14, 22, 26] [11, 12, 18, 28] #elements: 16384 
Testing 4096/8192 [12, 18, 28, 34] [6, 10, 13, 19, 22, 26, 30, 36, 42] Pr: 2^{-53.796}  45 paths [6, 10, 14, 22, 26] [12, 18, 28, 34] #elements: 262144 
Testing 5120/8192 [12, 23, 28] [6, 10, 13, 22, 26, 29, 30, 31] Pr: 2^{-53.719}  42 paths [6, 10, 14, 22, 25, 26] [12, 23, 28] #elements: 65536 
Testing 6144/8192 [12, 18, 23, 28] [6, 10, 13, 19, 22, 24, 25, 26, 30, 31, 36] Pr: 2^{-53.796}  45 paths [6, 10, 14, 22, 26] [12, 18, 23, 28] #elements: 262144 
Testing 7168/8192 [7, 12, 28, 34] [6, 8, 9, 10, 13, 20, 22, 26, 29, 30, 35, 36, 42] Pr: 2^{-53.796}  45 paths [6, 10, 14, 22, 26] [7, 12, 28, 34] #elements: 262144 
Testing 8192/8192 [12, 19, 28, 30] [6, 10, 13, 17, 21, 22, 26, 30, 32, 36, 38] Pr: 2^{-53.796}  56 paths [6, 10, 14, 17, 22, 26] [12, 19, 28, 30] #elements: 262144 
Sorting 221376 elements w.r.t. probability
Storing 8192 differences
1 [6, 10, 22, 26, 30] [7, 8, 11, 18, 24, 27, 31, 32] Pr: 2^{-58.472}  55 paths [12, 28] [6, 10, 22, 26, 30]
2 [6, 10, 22, 26, 30] [8, 11, 14, 23, 24, 27, 32] Pr: 2^{-58.472}  55 paths [12, 28] [6, 10, 22, 26, 30]
3 [6, 10, 22, 26, 30] [8, 11, 18, 24, 27, 31, 32] Pr: 2^{-58.472}  55 paths [12, 28] [6, 10, 22, 26, 30]
sqrt(Sum Pr^2): 2^{-52.939}
-------------------------------------
Round 12
-------------------------------------
Testing 1024/8192 [6, 10, 22, 26, 29, 30] [7, 8, 18, 24, 30, 32] Pr: 2^{-59.626}  58 paths [12, 28] [6, 10, 22, 26, 29, 30] #elements: 4096 
Testing 2048/8192 [6, 10, 22, 26, 29, 30] [8, 14, 18, 24, 27, 30, 31, 32] Pr: 2^{-59.626}  58 paths [12, 28] [6, 10, 22, 26, 29, 30] #elements: 65536 
Testing 3072/8192 [6, 10, 22, 26, 30] [8, 14, 18, 24, 27, 32] Pr: 2^{-58.472}  55 paths [12, 28] [6, 10, 22, 26, 30] #elements: 4096 
Testing 4096/8192 [6, 10, 22, 26, 29, 30] [7, 8, 18, 24, 27, 31, 32, 34] Pr: 2^{-59.626}  58 paths [12, 28] [6, 10, 22, 26, 29, 30] #elements: 65536 
Testing 5120/8192 [6, 10, 22, 26, 29, 30] [8, 14, 18, 24, 32, 37, 38] Pr: 2^{-59.626}  58 paths [12, 28] [6, 10, 22, 26, 29, 30] #elements: 16384 
Testing 6144/8192 [6, 10, 22, 26, 30, 36] [8, 11, 24, 27, 30, 32, 34, 38] Pr: 2^{-60.626}  51 paths [12, 28] [6, 10, 22, 26, 30, 36] #elements: 65536 
Testing 7168/8192 [6, 10, 13, 22, 26, 30] [7, 8, 11, 15, 24, 30, 32, 34, 38] Pr: 2^{-59.626}  58 paths [12, 28] [6, 10, 13, 22, 26, 30] #elements: 262144 
Testing 8192/8192 [6, 10, 13, 22, 26, 30] [7, 8, 11, 14, 15, 21, 24, 27, 31, 32] Pr: 2^{-59.626}  58 paths [12, 28] [6, 10, 13, 22, 26, 30] #elements: 262144 
Sorting 388224 elements w.r.t. probability
Storing 8192 differences
1 [8, 24, 32] [6, 9, 22, 25, 30, 33, 34] Pr: 2^{-64.472}  55 paths [6, 10, 22, 26, 30] [8, 24, 32]
2 [8, 24, 32] [6, 22, 25, 30, 32, 34, 40] Pr: 2^{-64.472}  55 paths [6, 10, 22, 26, 30] [8, 24, 32]
3 [8, 24, 32] [6, 9, 22, 25, 30, 32, 34, 40] Pr: 2^{-64.472}  55 paths [6, 10, 22, 26, 30] [8, 24, 32]
sqrt(Sum Pr^2): 2^{-60.203}
-------------------------------------
Round 11
-------------------------------------
Testing 1024/8192 [8, 24, 28, 32] [6, 9, 22, 25, 26, 29, 32, 33, 34] Pr: 2^{-66.626}  48 paths [6, 10, 22, 30] [8, 24, 28, 32] #elements: 262144 
Testing 2048/8192 [8, 24, 27, 32, 34] [6, 9, 22, 28, 29, 30, 34, 36, 40] Pr: 2^{-67.472}  56 paths [6, 10, 22, 26, 30] [8, 24, 27, 32, 34] #elements: 262144 
Testing 3072/8192 [8, 14, 24, 32] [6, 9, 25, 30, 32, 33, 34, 40] Pr: 2^{-66.472}  55 paths [6, 10, 22, 26, 30] [8, 14, 24, 32] #elements: 65536 
Testing 4096/8192 [8, 24, 30, 31, 32] [6, 9, 16, 22, 30, 32, 33, 34, 39] Pr: 2^{-67.472}  56 paths [6, 10, 22, 26, 30] [8, 24, 30, 31, 32] #elements: 262144 
Testing 5120/8192 [8, 11, 24, 31, 32] [6, 9, 12, 13, 22, 30, 33, 34, 40] Pr: 2^{-67.472}  56 paths [6, 10, 22, 26, 30] [8, 11, 24, 31, 32] #elements: 262144 
Testing 6144/8192 [7, 8, 14, 24, 32] [6, 8, 9, 15, 22, 30, 32, 33, 34, 40] Pr: 2^{-67.472}  56 paths [6, 10, 22, 26, 30] [7, 8, 14, 24, 32] #elements: 262144 
Testing 7168/8192 [8, 23, 24, 31, 32] [6, 22, 24, 25, 30, 31, 34] Pr: 2^{-67.472}  56 paths [6, 10, 22, 26, 30] [8, 23, 24, 31, 32] #elements: 16384 
Testing 8192/8192 [8, 24, 31, 32, 34] [6, 16, 22, 30, 32, 34, 35, 36] Pr: 2^{-67.472}  56 paths [6, 10, 22, 26, 30] [8, 24, 31, 32, 34] #elements: 65536 
Sorting 561701 elements w.r.t. probability
Storing 8192 differences
1 [6, 22, 30, 34] [14, 23, 30, 31, 36] Pr: 2^{-70.614}  67 paths [8, 24, 32] [6, 22, 30, 34]
2 [6, 22, 30, 34] [7, 14, 23, 30, 31, 36] Pr: 2^{-70.614}  67 paths [8, 24, 32] [6, 22, 30, 34]
3 [6, 22, 30, 34] [7, 14, 31, 36, 38, 42] Pr: 2^{-70.614}  67 paths [8, 24, 32] [6, 22, 30, 34]
sqrt(Sum Pr^2): 2^{-65.909}
-------------------------------------
Round 10
-------------------------------------
Testing 1024/8192 [6, 9, 22, 30, 34] [7, 11, 17, 23, 30, 36, 38, 42] Pr: 2^{-72.614}  67 paths [8, 24, 32] [6, 9, 22, 30, 34] #elements: 65536 
Testing 2048/8192 [6, 22, 30, 32, 34] [7, 23, 30, 34, 36, 40, 42] Pr: 2^{-72.614}  67 paths [8, 24, 32] [6, 22, 30, 32, 34] #elements: 16384 
Testing 3072/8192 [6, 22, 30, 34, 40] [7, 23, 30, 36, 38, 42, 48] Pr: 2^{-72.565}  68 paths [8, 24, 32] [6, 22, 30, 34, 40] #elements: 16384 
Testing 4096/8192 [6, 9, 22, 30, 34] [11, 23, 35, 36, 38, 42] Pr: 2^{-72.614}  67 paths [8, 24, 32] [6, 9, 22, 30, 34] #elements: 4096 
Testing 5120/8192 [6, 25, 30, 34] [24, 27, 31, 36, 38, 42] Pr: 2^{-73.472}  57 paths [8, 14, 24, 32] [6, 25, 30, 34] #elements: 4096 
Testing 6144/8192 [6, 16, 22, 30, 34] [7, 17, 18, 23, 24, 35, 36] Pr: 2^{-72.614}  67 paths [8, 24, 32] [6, 16, 22, 30, 34] #elements: 16384 
Testing 7168/8192 [6, 22, 25, 30, 34] [7, 23, 27, 30, 35, 36, 38, 42] Pr: 2^{-72.665}  66 paths [8, 24, 32] [6, 22, 25, 30, 34] #elements: 65536 
Testing 8192/8192 [6, 16, 22, 30, 34] [7, 18, 23, 31, 35, 36] Pr: 2^{-72.614}  67 paths [8, 24, 32] [6, 16, 22, 30, 34] #elements: 4096 
Sorting 31724 elements w.r.t. probability
Storing 8192 differences
1 [36] [6, 22, 30, 34, 38, 44] Pr: 2^{-72.614}  67 paths [6, 22, 30, 34] [36]
2 [36] [6, 22, 30, 34, 37, 38, 44] Pr: 2^{-72.614}  67 paths [6, 22, 30, 34] [36]
3 [36] [6, 22, 30, 34, 37, 38] Pr: 2^{-72.614}  67 paths [6, 22, 30, 34] [36]
sqrt(Sum Pr^2): 2^{-70.281}
-------------------------------------
Round 9
-------------------------------------
Testing 1024/8192 [14, 23, 31, 36] [6, 15, 16, 25, 30, 31, 33, 34, 38, 39, 44] Pr: 2^{-78.614}  67 paths [6, 22, 30, 34] [14, 23, 31, 36] #elements: 262144 
Testing 2048/8192 [7, 31, 36] [6, 8, 9, 15, 22, 30, 32, 33, 34, 37, 38, 39, 44] Pr: 2^{-76.614}  67 paths [6, 22, 30, 34] [7, 31, 36] #elements: 262144 
Testing 3072/8192 [14, 23, 30, 36] [6, 16, 24, 25, 30, 31, 32, 34, 37, 38] Pr: 2^{-77.614}  68 paths [6, 22, 30, 34] [14, 23, 30, 36] #elements: 262144 
Testing 4096/8192 [30, 36, 38, 42] [6, 22, 30, 32, 34, 39, 40, 43, 44, 50] Pr: 2^{-78.614}  67 paths [6, 22, 30, 34] [30, 36, 38, 42] #elements: 262144 
Testing 5120/8192 [14, 31, 36, 38] [6, 15, 16, 22, 30, 32, 33, 34, 37, 38, 39, 40, 46] Pr: 2^{-77.614}  68 paths [6, 22, 30, 34] [14, 31, 36, 38] #elements: 262144 
Testing 6144/8192 [7, 14, 30, 36] [6, 8, 9, 16, 22, 30, 32, 34, 38] Pr: 2^{-77.614}  68 paths [6, 22, 30, 34] [7, 14, 30, 36] #elements: 262144 
Testing 7168/8192 [30, 31, 36, 42] [6, 22, 30, 31, 33, 34, 38, 39, 43, 50] Pr: 2^{-78.614}  67 paths [6, 22, 30, 34] [30, 31, 36, 42] #elements: 262144 
Testing 8192/8192 [30, 36, 38, 42] [6, 22, 30, 32, 34, 37, 38, 40, 46] Pr: 2^{-78.614}  67 paths [6, 22, 30, 34] [30, 36, 38, 42] #elements: 262144 
Sorting 92160 elements w.r.t. probability
Storing 8192 differences
1 [6, 22, 30, 34, 38] [8, 24, 30, 32, 39, 40, 42, 46] Pr: 2^{-81.805}  72 paths [36] [6, 22, 30, 34, 38]
2 [6, 22, 30, 34, 38] [7, 8, 24, 30, 32, 39, 40, 42, 46] Pr: 2^{-81.805}  72 paths [36] [6, 22, 30, 34, 38]
3 [6, 22, 30, 34, 38] [8, 14, 23, 24, 31, 32, 35, 40, 42] Pr: 2^{-81.805}  72 paths [36] [6, 22, 30, 34, 38]
sqrt(Sum Pr^2): 2^{-76.426}
-------------------------------------
Round 8
-------------------------------------
Testing 1024/8192 [6, 22, 30, 34, 38, 44] [7, 8, 14, 24, 30, 31, 32, 38, 39, 40, 45, 46, 52] Pr: 2^{-83.914}  70 paths [36] [6, 22, 30, 34, 38, 44] #elements: 262144 
Testing 2048/8192 [6, 22, 30, 34, 38] [8, 24, 31, 32, 35, 38, 39, 40, 42, 46] Pr: 2^{-81.805}  72 paths [36] [6, 22, 30, 34, 38] #elements: 262144 
Testing 3072/8192 [6, 22, 30, 32, 34] [7, 8, 14, 23, 24, 30, 32, 33, 34, 35, 40, 42] Pr: 2^{-84.029}  69 paths [30, 35, 36] [6, 22, 30, 32, 34] #elements: 262144 
Testing 4096/8192 [6, 22, 30, 34, 37, 38] [8, 24, 30, 31, 32, 38, 39, 40, 42, 45, 46] Pr: 2^{-82.914}  74 paths [36] [6, 22, 30, 34, 37, 38] #elements: 262144 
Testing 5120/8192 [6, 22, 30, 34, 37, 38] [8, 14, 24, 30, 31, 32, 38, 40, 42, 45] Pr: 2^{-82.914}  74 paths [36] [6, 22, 30, 34, 37, 38] #elements: 262144 
Testing 6144/8192 [6, 22, 30, 34, 37, 38] [7, 8, 14, 23, 24, 32, 40, 46] Pr: 2^{-82.914}  74 paths [36] [6, 22, 30, 34, 37, 38] #elements: 65536 
Testing 7168/8192 [6, 22, 30, 34, 37, 38] [8, 14, 23, 24, 32, 40, 42, 45] Pr: 2^{-82.914}  74 paths [36] [6, 22, 30, 34, 37, 38] #elements: 65536 
Testing 8192/8192 [6, 22, 30, 34, 38, 44] [8, 14, 23, 24, 32, 35, 38, 39, 40, 45] Pr: 2^{-83.914}  70 paths [36] [6, 22, 30, 34, 38, 44] #elements: 262144 
Sorting 1412608 elements w.r.t. probability
Storing 8192 differences
1 [8, 24, 32, 40] [6, 10, 22, 26, 30, 38, 41, 42, 48] Pr: 2^{-89.805}  72 paths [6, 22, 30, 34, 38] [8, 24, 32, 40]
2 [8, 24, 32, 40] [6, 10, 22, 25, 26, 30, 33, 38, 41, 42] Pr: 2^{-89.805}  72 paths [6, 22, 30, 34, 38] [8, 24, 32, 40]
3 [8, 24, 32, 40] [6, 9, 10, 22, 26, 30, 32, 33, 38, 41, 42, 48] Pr: 2^{-89.805}  72 paths [6, 22, 30, 34, 38] [8, 24, 32, 40]
sqrt(Sum Pr^2): 2^{-84.834}
-------------------------------------
Round 7
-------------------------------------
