-------------------------------------
Round 1
-------------------------------------
1 [6] [] Pr: 2^{-0} [] [6]
sqrt(Sum Pr^2): 2^{0}
-------------------------------------
Round 2
-------------------------------------
1 [8] [6] Pr: 2^{-2} [6] []
2 [7, 8, 14] [6] Pr: 2^{-2} [6] []
3 [8, 14] [6] Pr: 2^{-2} [6] []
sqrt(Sum Pr^2): 2^{-1}
-------------------------------------
Round 3
-------------------------------------
1 [6, 9, 10] [8] Pr: 2^{-4} [8] [6]
2 [6, 10] [8] Pr: 2^{-4} [8] [6]
3 [6, 9, 10, 16] [8] Pr: 2^{-4} [8] [6]
sqrt(Sum Pr^2): 2^{-2.65}
-------------------------------------
Round 4
-------------------------------------
1 [7, 11, 12, 14, 18] [6, 10] Pr: 2^{-7.3}  4 paths [6, 10] [8]
2 [12, 14, 18] [6, 10] Pr: 2^{-7.3}  4 paths [6, 10] [8]
3 [7, 12] [6, 10] Pr: 2^{-7.3}  4 paths [6, 10] [8]
sqrt(Sum Pr^2): 2^{-4.899}
-------------------------------------
Round 5
-------------------------------------
Testing 1024/6096 [12, 17, 18, 23, 24] [6, 10, 15, 22] Pr: 2^{-12.415}  4 paths [6, 10, 15, 22] [8, 14] #elements: 1024 
Testing 2048/6096 [7, 10, 11, 12, 17, 18, 24, 30] [6, 9, 10, 22] Pr: 2^{-13.415}  2 paths [6, 9, 10, 22] [8, 14] #elements: 65536 
Testing 3072/6096 [11, 12, 17] [6, 10, 15, 16, 22] Pr: 2^{-15}  2 paths [6, 10, 15, 16, 22] [8, 14] #elements: 64 
Testing 4096/6096 [9, 10, 12, 14, 16, 18, 23, 24] [6, 8, 10, 22] Pr: 2^{-15}  2 paths [6, 8, 10, 22] [7, 8, 14] #elements: 65536 
Testing 5120/6096 [7, 10, 11, 12, 14, 18, 23] [6, 8, 9, 10, 15] Pr: 2^{-15}  2 paths [6, 8, 9, 10, 15] [7, 8] #elements: 16384 
Sorting 5770 elements w.r.t. probability
Storing 5770 differences
1 [6, 10, 14] [12] Pr: 2^{-9.3}  4 paths [12] [6, 10]
2 [6, 10, 14, 20] [12] Pr: 2^{-9.3}  4 paths [12] [6, 10]
3 [6, 10, 13, 14, 20] [12] Pr: 2^{-9.3}  4 paths [12] [6, 10]
sqrt(Sum Pr^2): 2^{-7.464}
-------------------------------------
Round 6
-------------------------------------
Testing 1024/5770 [6, 9, 10, 14, 15, 16, 22] [7, 11, 12, 14] Pr: 2^{-14.3}  5 paths [7, 11, 12, 14] [6, 10] #elements: 16384 
Testing 2048/5770 [6, 9, 10, 14, 16, 18, 19] [12, 14, 17] Pr: 2^{-15.3}  4 paths [12, 14, 17] [6, 9, 10] #elements: 16384 
Testing 3072/5770 [6, 9, 10, 11, 12, 13, 14, 16, 18, 19, 20, 26] [10, 12, 18] Pr: 2^{-16.3}  8 paths [10, 12, 18] [6, 9, 10, 16] #elements: 262144 
Testing 4096/5770 [6, 10, 13, 14, 15, 16, 25, 26] [12, 24] Pr: 2^{-16.678}  4 paths [12, 24] [6, 10, 15, 16] #elements: 65536 
Testing 5120/5770 [6, 8, 9, 10, 12, 14, 15, 20, 22] [7, 11, 12, 14, 17] Pr: 2^{-18.3}  6 paths [7, 11, 12, 14, 17] [6, 10, 16] #elements: 262144 
Sorting 17088 elements w.r.t. probability
Storing 17088 differences
1 [8, 11, 14, 16] [6, 10, 14] Pr: 2^{-14.444}  11 paths [6, 10, 14] [12]
2 [7, 8, 11, 14, 16, 18] [6, 10, 14] Pr: 2^{-14.444}  11 paths [6, 10, 14] [12]
3 [8, 11, 14, 15, 16, 18, 22] [6, 10, 14] Pr: 2^{-14.444}  11 paths [6, 10, 14] [12]
sqrt(Sum Pr^2): 2^{-10.886}
-------------------------------------
Round 7
-------------------------------------
Testing 1024/17088 [7, 8, 11, 14, 16, 18, 21, 22, 28] [6, 10, 13, 14, 20] Pr: 2^{-16.599}  19 paths [6, 10, 13, 14, 20] [12] #elements: 262144 
Testing 2048/17088 [8, 11, 15, 16, 18, 22, 24] [6, 10, 13, 14, 16] Pr: 2^{-19.3}  8 paths [6, 10, 13, 14, 16] [12] #elements: 16384 
Testing 3072/17088 [8, 16, 18, 22] [6, 10, 13, 14, 16] Pr: 2^{-19.3}  8 paths [6, 10, 13, 14, 16] [12] #elements: 256 
Testing 4096/17088 [8, 13, 14, 15, 16, 18, 21] [6, 10, 12, 13, 14] Pr: 2^{-19.715}  7 paths [6, 10, 12, 13, 14] [11, 12] #elements: 16384 
Testing 5120/17088 [7, 8, 11, 15, 16, 18, 20, 27, 28] [6, 10, 14, 19, 20] Pr: 2^{-19.978}  6 paths [6, 10, 14, 19, 20] [11, 12] #elements: 262144 
Testing 6144/17088 [7, 8, 15, 17, 18, 22, 23] [6, 10, 14, 15] Pr: 2^{-20.167}  5 paths [6, 10, 14, 15] [7, 12] #elements: 16384 
Testing 7168/17088 [7, 8, 14, 16, 18, 22] [6, 9, 10, 14, 16] Pr: 2^{-20.3}  8 paths [6, 9, 10, 14, 16] [7, 12, 14] #elements: 4096 
Testing 8192/17088 [7, 8, 10, 14, 15, 16, 22] [6, 9, 10, 14, 20] Pr: 2^{-20.3}  5 paths [6, 9, 10, 14, 20] [12] #elements: 16384 
Testing 9216/17088 [7, 8, 16, 18, 21, 22, 28] [6, 10, 14, 20, 26] Pr: 2^{-20.715}  5 paths [6, 10, 14, 20, 26] [12, 18] #elements: 16384 
Testing 10240/17088 [7, 8, 11, 13, 14, 15, 16, 22, 28] [6, 10, 12, 14, 20] Pr: 2^{-20.715}  5 paths [6, 10, 12, 14, 20] [11, 12] #elements: 262144 
Testing 11264/17088 [2, 7, 8, 11, 14, 15, 16, 21, 27, 28] [6, 10, 14, 20, 26] Pr: 2^{-20.715}  5 paths [6, 10, 14, 20, 26] [12, 18] #elements: 262144 
Testing 12288/17088 [7, 8, 10, 11, 15, 16, 17] [6, 8, 9, 10, 14] Pr: 2^{-21.3}  4 paths [6, 8, 9, 10, 14] [7, 12] #elements: 16384 
Testing 13312/17088 [7, 8, 9, 10, 11, 14, 16, 18, 22] [6, 8, 9, 10, 14] Pr: 2^{-21.3}  4 paths [6, 8, 9, 10, 14] [7, 12] #elements: 262144 
Testing 14336/17088 [8, 9, 11, 15, 17, 18] [6, 8, 9, 10, 14] Pr: 2^{-21.3}  4 paths [6, 8, 9, 10, 14] [7, 12] #elements: 4096 
Testing 15360/17088 [7, 8, 11, 16, 18, 20, 27, 28] [6, 10, 12, 14, 26] Pr: 2^{-22.3}  5 paths [6, 10, 12, 14, 26] [11, 12, 18] #elements: 65536 
Sorting 32180 elements w.r.t. probability
Storing 32180 differences
1 [6, 14, 16, 17, 18] [8, 16] Pr: 2^{-18.112}  16 paths [8, 16] [6, 10, 14, 16]
2 [6, 14, 16, 17, 18, 24] [8, 16] Pr: 2^{-18.112}  16 paths [8, 16] [6, 10, 14, 16]
3 [6, 9, 14, 16, 17, 18, 24] [8, 16] Pr: 2^{-18.112}  16 paths [8, 16] [6, 10, 14, 16]
sqrt(Sum Pr^2): 2^{-14.835}
-------------------------------------
Round 8
-------------------------------------
Testing 1024/32180 [6, 9, 12, 13, 14, 16, 17, 18, 19, 20, 24, 26] [8, 11, 16, 18] Pr: 2^{-21.28}  14 paths [8, 11, 16, 18] [6, 10, 14] #elements: 262144 
Testing 2048/32180 [6, 9, 12, 13, 14, 15, 17, 18, 19, 24] [7, 8, 11, 16] Pr: 2^{-22.132}  13 paths [7, 8, 11, 16] [6, 10, 14] #elements: 262144 
Testing 3072/32180 [6, 8, 9, 14, 17, 18, 19, 20, 24, 26] [7, 8, 16, 18] Pr: 2^{-22.28}  14 paths [7, 8, 16, 18] [6, 10, 14, 16] #elements: 262144 
Testing 4096/32180 [6, 14, 18, 22, 24] [7, 8, 14, 15, 16] Pr: 2^{-22.444}  14 paths [7, 8, 14, 15, 16] [6, 10, 14] #elements: 1024 
Testing 5120/32180 [6, 13, 14, 18, 23] [8, 15, 16, 21] Pr: 2^{-22.482}  16 paths [8, 15, 16, 21] [6, 10, 13, 14] #elements: 1024 
Testing 6144/32180 [6, 14, 16, 19, 24, 25] [8, 16, 17] Pr: 2^{-22.492}  14 paths [8, 16, 17] [6, 10, 14, 16] #elements: 4096 
Testing 7168/32180 [6, 8, 12, 13, 14, 18, 22, 24] [7, 8, 11, 14, 16] Pr: 2^{-23.28}  16 paths [7, 8, 11, 14, 16] [6, 10, 14, 16] #elements: 65536 
Testing 8192/32180 [6, 13, 14, 16, 18, 19, 20, 26] [8, 11, 15, 16, 18, 22] Pr: 2^{-23.444}  18 paths [8, 11, 15, 16, 18, 22] [6, 10, 14] #elements: 65536 
Testing 9216/32180 [6, 8, 13, 14, 15, 16, 17, 18] [7, 8, 11, 15, 16] Pr: 2^{-23.444}  12 paths [7, 8, 11, 15, 16] [6, 10, 14] #elements: 65536 
Testing 10240/32180 [6, 9, 14, 16, 17, 18, 20, 23] [8, 14, 15, 16, 18] Pr: 2^{-23.444}  12 paths [8, 14, 15, 16, 18] [6, 10, 14] #elements: 65536 
Testing 11264/32180 [6, 8, 14, 15, 17, 18, 19, 20, 24] [7, 8, 14, 16, 18] Pr: 2^{-23.444}  12 paths [7, 8, 14, 16, 18] [6, 10, 14] #elements: 262144 
Testing 12288/32180 [6, 8, 9, 13, 14, 18, 20, 24, 26] [7, 8, 11, 16, 18] Pr: 2^{-23.444}  12 paths [7, 8, 11, 16, 18] [6, 10, 14] #elements: 262144 
Testing 13312/32180 [6, 13, 14, 15, 17, 18, 22, 24] [7, 8, 14, 15, 16] Pr: 2^{-23.482}  18 paths [7, 8, 14, 15, 16] [6, 10, 13, 14] #elements: 65536 
Testing 14336/32180 [6, 8, 9, 13, 14, 15, 16, 17, 18, 23] [7, 8, 15, 16, 22] Pr: 2^{-23.482}  18 paths [7, 8, 15, 16, 22] [6, 10, 13, 14] #elements: 262144 
Testing 15360/32180 [6, 9, 13, 14, 18, 22, 23, 24, 30] [8, 14, 16, 22] Pr: 2^{-23.482}  15 paths [8, 14, 16, 22] [6, 10, 13, 14] #elements: 262144 
Testing 16384/32180 [6, 13, 14, 16, 17, 18, 22, 29, 30] [8, 15, 16, 21, 22] Pr: 2^{-23.482}  18 paths [8, 15, 16, 21, 22] [6, 10, 13, 14] #elements: 262144 
Testing 17408/32180 [6, 9, 13, 14, 16, 17, 18, 19, 20, 24] [8, 11, 15, 16] Pr: 2^{-23.482}  10 paths [8, 11, 15, 16] [6, 10, 14, 20] #elements: 262144 
Testing 18432/32180 [6, 9, 13, 14, 16, 17, 18, 20, 30] [8, 15, 16, 28] Pr: 2^{-23.599}  20 paths [8, 15, 16, 28] [6, 10, 13, 14, 20] #elements: 262144 
Testing 19456/32180 [6, 9, 14, 17, 18, 20, 23, 24] [8, 11, 15, 16] Pr: 2^{-23.599}  20 paths [8, 11, 15, 16] [6, 10, 13, 14, 20] #elements: 65536 
Testing 20480/32180 [6, 9, 14, 15, 17, 18, 19, 20, 30] [8, 14, 16, 18, 22] Pr: 2^{-24.444}  11 paths [8, 14, 16, 18, 22] [6, 10, 14] #elements: 262144 
Testing 21504/32180 [6, 8, 12, 13, 14, 15, 18, 19, 20, 24, 26] [7, 8, 11, 14, 16, 18] Pr: 2^{-24.444}  14 paths [7, 8, 11, 14, 16, 18] [6, 10, 14] #elements: 262144 
Testing 22528/32180 [6, 13, 14, 18, 19, 22, 24] [7, 8, 11, 14, 15, 16] Pr: 2^{-24.444}  14 paths [7, 8, 11, 14, 15, 16] [6, 10, 14] #elements: 16384 
Testing 23552/32180 [6, 13, 14, 16, 17, 18, 23, 30] [8, 11, 14, 15, 16, 22] Pr: 2^{-24.444}  14 paths [8, 11, 14, 15, 16, 22] [6, 10, 14] #elements: 65536 
Testing 24576/32180 [6, 9, 12, 13, 14, 16, 17, 18, 19] [7, 8, 11, 16, 22] Pr: 2^{-24.444}  11 paths [7, 8, 11, 16, 22] [6, 10, 14] #elements: 262144 
Testing 25600/32180 [6, 8, 9, 13, 14, 15, 16, 17, 18, 20, 24, 26] [7, 8, 11, 14, 16, 18] Pr: 2^{-24.444}  14 paths [7, 8, 11, 14, 16, 18] [6, 10, 14] #elements: 262144 
Testing 26624/32180 [6, 14, 18, 20, 26] [8, 14, 16, 18, 22] Pr: 2^{-24.444}  11 paths [8, 14, 16, 18, 22] [6, 10, 14] #elements: 1024 
Testing 27648/32180 [6, 14, 18, 20, 30] [7, 8, 16, 18, 22] Pr: 2^{-24.444}  11 paths [7, 8, 16, 18, 22] [6, 10, 14] #elements: 1024 
Testing 28672/32180 [6, 9, 14, 15, 17, 18, 20, 23] [7, 8, 16, 21] Pr: 2^{-24.482}  9 paths [7, 8, 16, 21] [6, 10, 14, 20] #elements: 65536 
Testing 29696/32180 [6, 12, 14, 17, 18, 19, 20, 24, 26] [8, 11, 14, 16, 18] Pr: 2^{-24.482}  16 paths [8, 11, 14, 16, 18] [6, 10, 13, 14] #elements: 262144 
Sorting 29760 elements w.r.t. probability
Storing 29760 differences
1 [20, 22] [6, 14, 18] Pr: 2^{-22.484}  36 paths [6, 14, 18] [8, 15, 16, 22]
2 [7, 14, 15, 19, 20, 26] [6, 14, 18] Pr: 2^{-22.484}  36 paths [6, 14, 18] [8, 15, 16, 22]
3 [7, 14, 15, 20, 22, 26] [6, 14, 18] Pr: 2^{-22.484}  36 paths [6, 14, 18] [8, 15, 16, 22]
sqrt(Sum Pr^2): 2^{-18.817}
-------------------------------------
Round 9
-------------------------------------
Testing 1024/29760 [7, 14, 17, 18, 19, 20, 22, 24] [6, 14, 16, 18] Pr: 2^{-24.614}  24 paths [6, 14, 16, 18] [8, 16] #elements: 65536 
Testing 2048/29760 [14, 19, 20, 25, 26] [6, 14, 18, 23] Pr: 2^{-25.824}  19 paths [6, 14, 18, 23] [8, 16, 22] #elements: 1024 
Testing 3072/29760 [0, 7, 18, 20, 22, 24, 25] [6, 14, 16, 18, 24] Pr: 2^{-26.614}  32 paths [6, 14, 16, 18, 24] [8, 15, 16, 22] #elements: 16384 
Testing 4096/29760 [0, 10, 11, 15, 17, 19, 20, 26] [6, 9, 14, 18, 24] Pr: 2^{-26.614}  24 paths [6, 9, 14, 18, 24] [8, 16] #elements: 65536 
Testing 5120/29760 [11, 18, 20, 22, 26] [6, 9, 14, 17, 18] Pr: 2^{-26.672}  20 paths [6, 9, 14, 17, 18] [8, 14, 16] #elements: 1024 
Testing 6144/29760 [14, 15, 18, 19, 20, 24, 25, 26] [6, 14, 16, 17, 18] Pr: 2^{-26.672}  23 paths [6, 14, 16, 17, 18] [8, 16] #elements: 65536 
Testing 7168/29760 [7, 14, 17, 18, 20, 21, 22, 24] [6, 13, 14, 16, 18] Pr: 2^{-27.043}  20 paths [6, 13, 14, 16, 18] [8, 16] #elements: 65536 
Testing 8192/29760 [17, 18, 20, 21] [6, 13, 14, 16, 18] Pr: 2^{-27.043}  20 paths [6, 13, 14, 16, 18] [8, 16] #elements: 256 
Testing 9216/29760 [0, 6, 7, 14, 15, 20, 26, 31] [6, 14, 18, 30] Pr: 2^{-27.132}  25 paths [6, 14, 18, 30] [8, 15, 16, 22] #elements: 65536 
Testing 10240/29760 [14, 19, 20, 24, 25, 26, 31] [6, 14, 18, 23, 24] Pr: 2^{-27.824}  18 paths [6, 14, 18, 23, 24] [7, 8, 15, 16] #elements: 16384 
Testing 11264/29760 [7, 14, 18, 19, 20, 22, 24, 26] [6, 14, 17, 18, 23] Pr: 2^{-27.962}  18 paths [6, 14, 17, 18, 23] [8, 16, 22] #elements: 65536 
Testing 12288/29760 [20, 24, 26] [6, 14, 17, 18, 23] Pr: 2^{-27.962}  18 paths [6, 14, 17, 18, 23] [8, 16, 22] #elements: 64 
Testing 13312/29760 [0, 6, 19, 20, 25, 26, 31] [6, 14, 18, 23, 30] Pr: 2^{-28.132}  27 paths [6, 14, 18, 23, 30] [8, 15, 16, 22] #elements: 16384 
Testing 14336/29760 [7, 17, 19, 20, 22, 23, 24, 26] [6, 14, 15, 18, 22] Pr: 2^{-28.168}  18 paths [6, 14, 15, 18, 22] [8, 14, 16] #elements: 65536 
Testing 15360/29760 [15, 19, 20, 25] [6, 14, 16, 17, 18, 24] Pr: 2^{-28.313}  21 paths [6, 14, 16, 17, 18, 24] [8, 16] #elements: 256 
Testing 16384/29760 [11, 14, 15, 16, 20, 22, 23] [6, 9, 14, 15, 18] Pr: 2^{-28.365}  17 paths [6, 9, 14, 15, 18] [7, 8, 16] #elements: 16384 
Testing 17408/29760 [10, 11, 18, 20, 25] [6, 9, 14, 17, 18, 24] Pr: 2^{-28.534}  19 paths [6, 9, 14, 17, 18, 24] [8, 16] #elements: 1024 
Testing 18432/29760 [11, 17, 19, 20, 25, 26] [6, 9, 14, 16, 17, 18] Pr: 2^{-28.534}  19 paths [6, 9, 14, 16, 17, 18] [8, 16] #elements: 4096 
Testing 19456/29760 [7, 10, 11, 15, 18, 20, 22, 24, 25] [6, 9, 14, 16, 17, 18] Pr: 2^{-28.534}  19 paths [6, 9, 14, 16, 17, 18] [8, 16] #elements: 262144 
Testing 20480/29760 [7, 10, 11, 14, 15, 20, 25, 26] [6, 9, 14, 16, 17, 18] Pr: 2^{-28.534}  19 paths [6, 9, 14, 16, 17, 18] [8, 16] #elements: 65536 
Testing 21504/29760 [0, 11, 19, 20, 25, 26] [6, 9, 14, 17, 18, 24] Pr: 2^{-28.534}  19 paths [6, 9, 14, 17, 18, 24] [8, 16] #elements: 4096 
Testing 22528/29760 [7, 10, 11, 17, 18, 20, 22, 24, 25, 26] [6, 9, 14, 16, 18, 24] Pr: 2^{-28.534}  19 paths [6, 9, 14, 16, 18, 24] [8, 16] #elements: 262144 
Testing 23552/29760 [7, 11, 14, 18, 19, 20, 22, 24, 25, 26] [6, 9, 14, 16, 18, 23] Pr: 2^{-28.547}  31 paths [6, 9, 14, 16, 18, 23] [8, 15, 16, 22] #elements: 262144 
Testing 24576/29760 [7, 11, 13, 15, 20] [6, 12, 13, 14, 18] Pr: 2^{-28.554}  16 paths [6, 12, 13, 14, 18] [8, 11, 16] #elements: 1024 
Testing 25600/29760 [7, 11, 13, 14, 19, 20] [6, 12, 13, 14, 18] Pr: 2^{-28.554}  16 paths [6, 12, 13, 14, 18] [8, 11, 16] #elements: 4096 
Testing 26624/29760 [7, 14, 15, 16, 17, 19, 20, 25, 26] [6, 14, 15, 17, 18] Pr: 2^{-28.571}  16 paths [6, 14, 15, 17, 18] [8, 14, 16] #elements: 262144 
Testing 27648/29760 [0, 7, 14, 17, 20, 23, 25] [6, 14, 15, 18, 24] Pr: 2^{-28.571}  17 paths [6, 14, 15, 18, 24] [7, 8, 14, 16] #elements: 16384 
Sorting 16099 elements w.r.t. probability
Storing 16099 differences
1 [6, 14, 18, 22, 28] [20] Pr: 2^{-24.484}  36 paths [20] [6, 14, 18]
2 [6, 14, 18, 21, 22, 28] [20] Pr: 2^{-24.484}  36 paths [20] [6, 14, 18]
3 [6, 14, 18, 21, 22] [20] Pr: 2^{-24.484}  36 paths [20] [6, 14, 18]
sqrt(Sum Pr^2): 2^{-22.316}
-------------------------------------
Round 10
-------------------------------------
Testing 1024/16099 [6, 14, 16, 17, 18] [14, 15, 20] Pr: 2^{-28.484}  36 paths [14, 15, 20] [6, 14, 18] #elements: 1024 
Testing 2048/16099 [6, 14, 17, 18, 20, 21, 22, 23, 27] [15, 19, 20, 26] Pr: 2^{-29.484}  37 paths [15, 19, 20, 26] [6, 14, 18] #elements: 262144 
Testing 3072/16099 [6, 14, 17, 18, 21, 22, 30] [20, 22] Pr: 2^{-29.732}  29 paths [20, 22] [6, 14, 17, 18, 24] #elements: 16384 
Testing 4096/16099 [2, 6, 14, 15, 16, 17, 18, 23, 27, 28] [14, 15, 20, 26] Pr: 2^{-30.484}  36 paths [14, 15, 20, 26] [6, 14, 18] #elements: 262144 
Testing 5120/16099 [6, 8, 9, 14, 18, 22, 24, 27] [7, 20, 22, 26] Pr: 2^{-30.484}  36 paths [7, 20, 22, 26] [6, 14, 18] #elements: 65536 
Testing 6144/16099 [6, 14, 17, 18, 24] [14, 15, 20] Pr: 2^{-30.614}  24 paths [14, 15, 20] [6, 14, 18, 24] #elements: 1024 
Testing 7168/16099 [6, 14, 16, 17, 18, 24, 30] [14, 20, 22] Pr: 2^{-30.614}  24 paths [14, 20, 22] [6, 14, 17, 18] #elements: 16384 
Testing 8192/16099 [2, 6, 8, 14, 16, 18, 21, 24, 28] [0, 14, 20] Pr: 2^{-30.614}  24 paths [0, 14, 20] [6, 14, 18, 24] #elements: 262144 
Testing 9216/16099 [6, 8, 12, 13, 14, 18, 22, 28] [7, 11, 20] Pr: 2^{-30.672}  23 paths [7, 11, 20] [6, 9, 14, 18] #elements: 65536 
Testing 10240/16099 [6, 8, 9, 13, 14, 15, 16, 17, 18, 22, 23] [7, 15, 20] Pr: 2^{-30.856}  21 paths [7, 15, 20] [6, 13, 14, 18] #elements: 262144 
Testing 11264/16099 [2, 6, 9, 14, 18, 20, 21, 22, 23, 24, 30] [7, 19, 20, 22, 26] Pr: 2^{-31.484}  37 paths [7, 19, 20, 22, 26] [6, 14, 18] #elements: 262144 
Testing 12288/16099 [2, 6, 14, 15, 17, 18, 22, 23, 28] [14, 15, 19, 20, 26] Pr: 2^{-31.484}  37 paths [14, 15, 19, 20, 26] [6, 14, 18] #elements: 262144 
Testing 13312/16099 [6, 14, 17, 18, 21, 22, 28, 30] [19, 20, 22] Pr: 2^{-31.732}  29 paths [19, 20, 22] [6, 14, 17, 18, 24] #elements: 65536 
Testing 14336/16099 [6, 14, 17, 18, 20, 21, 22, 24, 27, 28] [19, 20, 25] Pr: 2^{-31.732}  29 paths [19, 20, 25] [6, 14, 17, 18, 24] #elements: 262144 
Sorting 32256 elements w.r.t. probability
Storing 32256 differences
1 [8, 14, 15, 16, 24, 30] [6, 14, 18, 22] Pr: 2^{-31.664}  41 paths [6, 14, 18, 22] [20]
2 [8, 14, 16, 22, 24, 30] [6, 14, 18, 22] Pr: 2^{-31.664}  41 paths [6, 14, 18, 22] [20]
3 [8, 14, 16, 19, 22, 24] [6, 14, 18, 22] Pr: 2^{-31.664}  41 paths [6, 14, 18, 22] [20]
sqrt(Sum Pr^2): 2^{-27.068}
-------------------------------------
Round 11
-------------------------------------
Testing 1024/32256 [4, 8, 14, 15, 16, 19, 23, 24, 26, 29, 30] [6, 14, 18, 22, 28] Pr: 2^{-33.664}  41 paths [6, 14, 18, 22, 28] [20] #elements: 262144 
Testing 2048/32256 [4, 8, 15, 16, 19, 22, 23, 24, 30] [6, 14, 18, 21, 22, 28] Pr: 2^{-33.783}  51 paths [6, 14, 18, 21, 22, 28] [20] #elements: 262144 
Testing 3072/32256 [8, 14, 15, 16, 18, 24, 26, 30] [6, 14, 17, 18, 22] Pr: 2^{-35.07}  40 paths [6, 14, 17, 18, 22] [15, 20] #elements: 65536 
Testing 4096/32256 [8, 15, 16, 18, 22, 23, 24, 26] [6, 14, 17, 18, 22] Pr: 2^{-35.07}  40 paths [6, 14, 17, 18, 22] [15, 20] #elements: 65536 
Testing 5120/32256 [7, 8, 15, 16, 19, 23, 24, 25] [6, 14, 18, 22, 24] Pr: 2^{-35.212}  27 paths [6, 14, 18, 22, 24] [20] #elements: 65536 
Testing 6144/32256 [0, 7, 8, 16, 24, 26, 30] [6, 14, 18, 22, 24] Pr: 2^{-35.212}  27 paths [6, 14, 18, 22, 24] [20] #elements: 16384 
Testing 7168/32256 [8, 14, 15, 16, 17, 18, 19, 22, 24, 26, 30] [6, 14, 16, 18, 22] Pr: 2^{-35.631}  39 paths [6, 14, 16, 18, 22] [14, 19, 20] #elements: 262144 
Testing 8192/32256 [3, 4, 7, 8, 10, 16, 19, 23, 24, 26, 30] [2, 6, 14, 18, 22] Pr: 2^{-35.899}  37 paths [2, 6, 14, 18, 22] [20, 26] #elements: 262144 
Testing 9216/32256 [4, 8, 10, 14, 15, 16, 24] [2, 6, 14, 18, 22] Pr: 2^{-35.899}  37 paths [2, 6, 14, 18, 22] [20, 26] #elements: 16384 
Testing 10240/32256 [8, 11, 15, 16, 17, 19, 23, 24, 26] [6, 9, 14, 18, 22] Pr: 2^{-35.899}  38 paths [6, 9, 14, 18, 22] [7, 20] #elements: 262144 
Testing 11264/32256 [4, 8, 15, 16, 22, 23, 24, 26, 30] [2, 6, 14, 18, 22] Pr: 2^{-35.899}  37 paths [2, 6, 14, 18, 22] [20, 26] #elements: 262144 
Testing 12288/32256 [8, 14, 16, 17, 18, 19, 26] [6, 14, 15, 16, 18] Pr: 2^{-35.899}  38 paths [6, 14, 15, 16, 18] [14, 20] #elements: 16384 
Testing 13312/32256 [8, 15, 16, 19, 22, 24, 26, 29] [6, 14, 18, 21, 22, 27] Pr: 2^{-36.162}  41 paths [6, 14, 18, 21, 22, 27] [20, 26] #elements: 65536 
Testing 14336/32256 [8, 14, 16, 19, 23, 24, 26, 29] [6, 14, 18, 21, 22, 27] Pr: 2^{-36.162}  41 paths [6, 14, 18, 21, 22, 27] [20, 26] #elements: 65536 
Testing 15360/32256 [7, 8, 10, 11, 16, 17, 18, 22] [6, 9, 14, 16, 18] Pr: 2^{-36.484}  38 paths [6, 9, 14, 16, 18] [7, 14, 20] #elements: 65536 
Testing 16384/32256 [8, 15, 16, 18, 19, 25, 26] [6, 14, 17, 18] Pr: 2^{-36.484}  36 paths [6, 14, 17, 18] [14, 15, 20] #elements: 16384 
Testing 17408/32256 [8, 14, 16, 19, 24] [6, 14, 17, 18, 21, 22] Pr: 2^{-36.547}  27 paths [6, 14, 17, 18, 21, 22] [20] #elements: 1024 
Testing 18432/32256 [8, 15, 16, 18, 24, 25, 26, 29] [6, 14, 17, 18, 21, 22] Pr: 2^{-36.547}  27 paths [6, 14, 17, 18, 21, 22] [20] #elements: 65536 
Testing 19456/32256 [7, 8, 14, 15, 16, 19, 23, 24, 25, 29] [6, 14, 18, 21, 22, 24] Pr: 2^{-36.547}  39 paths [6, 14, 18, 21, 22, 24] [20, 22] #elements: 262144 
Testing 20480/32256 [8, 14, 15, 16, 21, 24, 30] [6, 13, 14, 18, 21, 22] Pr: 2^{-36.856}  24 paths [6, 13, 14, 18, 21, 22] [20] #elements: 16384 
Testing 21504/32256 [3, 4, 7, 8, 10, 15, 16, 22, 24, 29] [2, 6, 14, 18, 22, 27] Pr: 2^{-36.899}  39 paths [2, 6, 14, 18, 22, 27] [20, 26] #elements: 262144 
Testing 22528/32256 [8, 14, 15, 16, 19, 22, 23, 24, 28, 29] [6, 14, 18, 20, 22, 27] Pr: 2^{-36.899}  39 paths [6, 14, 18, 20, 22, 27] [19, 20] #elements: 262144 
Testing 23552/32256 [4, 7, 8, 10, 14, 15, 16, 19, 22, 24, 26] [2, 6, 14, 18, 21, 22] Pr: 2^{-36.899}  39 paths [2, 6, 14, 18, 21, 22] [20, 26] #elements: 262144 
Testing 24576/32256 [4, 7, 8, 14, 15, 16, 19, 23, 24, 26, 29, 30] [2, 6, 14, 18, 21, 22] Pr: 2^{-36.899}  39 paths [2, 6, 14, 18, 21, 22] [20, 26] #elements: 262144 
Testing 25600/32256 [4, 7, 8, 14, 15, 16, 23, 24, 29] [2, 6, 14, 18, 21, 22] Pr: 2^{-36.899}  39 paths [2, 6, 14, 18, 21, 22] [20, 26] #elements: 262144 
Testing 26624/32256 [3, 4, 7, 8, 10, 14, 15, 16, 19, 22, 23, 24, 29, 30] [2, 6, 14, 18, 21, 22] Pr: 2^{-36.899}  39 paths [2, 6, 14, 18, 21, 22] [20, 26] #elements: 262144 
Testing 27648/32256 [3, 4, 7, 8, 10, 16, 19, 22, 24, 26, 28, 29, 30] [2, 6, 14, 18, 22, 27] Pr: 2^{-36.899}  39 paths [2, 6, 14, 18, 22, 27] [20, 26] #elements: 262144 
Testing 28672/32256 [7, 8, 16, 19, 24, 28, 29] [6, 14, 18, 20, 22, 27] Pr: 2^{-36.899}  39 paths [6, 14, 18, 20, 22, 27] [19, 20] #elements: 16384 
Testing 29696/32256 [3, 7, 8, 16, 19, 24, 30] [6, 14, 18, 22, 27, 28] Pr: 2^{-37.162}  38 paths [6, 14, 18, 22, 27, 28] [20, 26] #elements: 16384 
Sorting 32592 elements w.r.t. probability
Storing 32592 differences
1 [6, 10, 14, 17, 22, 26] [8, 16, 24] Pr: 2^{-37.426}  43 paths [8, 16, 24] [6, 14, 18, 22]
2 [6, 10, 14, 22, 24, 26] [8, 16, 24] Pr: 2^{-37.426}  43 paths [8, 16, 24] [6, 14, 18, 22]
3 [6, 9, 10, 14, 17, 22, 26] [8, 16, 24] Pr: 2^{-37.426}  43 paths [8, 16, 24] [6, 14, 18, 22]
sqrt(Sum Pr^2): 2^{-33.077}
-------------------------------------
Round 12
-------------------------------------
Testing 1024/32592 [6, 9, 10, 14, 16, 17, 21, 22, 24, 25, 26] [8, 16, 23, 24] Pr: 2^{-39.664}  48 paths [8, 16, 23, 24] [6, 14, 18, 21, 22] #elements: 262144 
Testing 2048/32592 [6, 10, 14, 16, 17, 26] [8, 14, 16, 24] Pr: 2^{-39.664}  41 paths [8, 14, 16, 24] [6, 14, 18, 22] #elements: 4096 
Testing 3072/32592 [0, 6, 9, 10, 14, 21, 22, 26, 28] [8, 16, 24, 26] Pr: 2^{-40.664}  47 paths [8, 16, 24, 26] [6, 14, 18, 21, 22] #elements: 262144 
Testing 4096/32592 [6, 9, 10, 14, 16, 17, 21, 22, 24, 26] [8, 16, 23, 24, 30] Pr: 2^{-40.664}  50 paths [8, 16, 23, 24, 30] [6, 14, 18, 21, 22] #elements: 262144 
Testing 5120/32592 [0, 6, 9, 10, 14, 21, 22, 24, 26, 27, 28] [8, 16, 24, 26] Pr: 2^{-40.664}  47 paths [8, 16, 24, 26] [6, 14, 18, 21, 22] #elements: 262144 
Testing 6144/32592 [6, 9, 10, 14, 16, 21, 22, 25, 26, 28] [8, 16, 19, 24, 26] Pr: 2^{-40.664}  42 paths [8, 16, 19, 24, 26] [6, 14, 18, 22] #elements: 262144 
Testing 7168/32592 [6, 10, 14, 16, 21, 22, 26, 31] [8, 16, 19, 23, 24] Pr: 2^{-40.664}  42 paths [8, 16, 19, 23, 24] [6, 14, 18, 22] #elements: 65536 
Testing 8192/32592 [0, 6, 9, 10, 14, 21, 22, 23, 25, 26] [8, 15, 16, 19, 24] Pr: 2^{-40.664}  42 paths [8, 15, 16, 19, 24] [6, 14, 18, 22] #elements: 262144 
Testing 9216/32592 [6, 10, 14, 17, 22, 24, 25, 26, 28] [8, 15, 16, 24, 26] Pr: 2^{-40.664}  42 paths [8, 15, 16, 24, 26] [6, 14, 18, 22] #elements: 262144 
Testing 10240/32592 [0, 6, 9, 10, 14, 16, 22, 26, 31] [8, 14, 16, 23, 24] Pr: 2^{-40.664}  42 paths [8, 14, 16, 23, 24] [6, 14, 18, 22] #elements: 262144 
Testing 11264/32592 [6, 9, 10, 14, 16, 22, 23, 24, 26] [8, 15, 16, 22, 23, 24] Pr: 2^{-40.664}  48 paths [8, 15, 16, 22, 23, 24] [6, 14, 18, 22] #elements: 262144 
Testing 12288/32592 [6, 10, 14, 17, 21, 22, 25, 26, 28, 31] [8, 16, 23, 24] Pr: 2^{-40.783}  52 paths [8, 16, 23, 24] [6, 14, 18, 21, 22, 28] #elements: 262144 
Testing 13312/32592 [6, 10, 14, 16, 17, 18, 21, 22] [8, 15, 20] Pr: 2^{-41.3}  6 paths [8, 15, 20] [6, 14, 18] #elements: 65536 
Testing 14336/32592 [5, 6, 10, 14, 21, 22, 24, 26, 30, 31] [8, 15, 16, 22, 24, 29] Pr: 2^{-41.664}  54 paths [8, 15, 16, 22, 24, 29] [6, 14, 18, 21, 22] #elements: 262144 
Testing 15360/32592 [9, 10, 14, 17, 21, 22, 23, 26, 31] [8, 15, 16, 23, 24, 30] Pr: 2^{-41.664}  54 paths [8, 15, 16, 23, 24, 30] [6, 14, 18, 21, 22] #elements: 262144 
Testing 16384/32592 [0, 6, 9, 10, 14, 16, 17, 21, 22, 25, 26, 27, 28, 31] [8, 16, 23, 24, 26] Pr: 2^{-41.664}  48 paths [8, 16, 23, 24, 26] [6, 14, 18, 21, 22] #elements: 262144 
Testing 17408/32592 [0, 6, 9, 10, 14, 17, 21, 24, 25, 26] [7, 8, 14, 16, 24] Pr: 2^{-41.664}  48 paths [7, 8, 14, 16, 24] [6, 14, 18, 21, 22] #elements: 262144 
Testing 18432/32592 [2, 6, 10, 14, 16, 21, 22, 26, 27, 28] [8, 16, 23, 24, 26] Pr: 2^{-41.664}  48 paths [8, 16, 23, 24, 26] [6, 14, 18, 21, 22] #elements: 262144 
Testing 19456/32592 [6, 8, 9, 10, 14, 15, 16, 17, 21, 22, 24, 26] [7, 8, 15, 16, 24] Pr: 2^{-41.664}  48 paths [7, 8, 15, 16, 24] [6, 14, 18, 21, 22] #elements: 262144 
Testing 20480/32592 [6, 9, 10, 14, 16, 17, 21, 22, 24, 26, 30] [8, 16, 22, 23, 24] Pr: 2^{-41.664}  48 paths [8, 16, 22, 23, 24] [6, 14, 18, 21, 22] #elements: 262144 
Testing 21504/32592 [0, 6, 9, 10, 14, 15, 21, 22, 24, 25, 26, 31] [8, 14, 16, 23, 24] Pr: 2^{-41.664}  48 paths [8, 14, 16, 23, 24] [6, 14, 18, 21, 22] #elements: 262144 
Testing 22528/32592 [6, 9, 10, 14, 17, 26, 31] [8, 14, 16, 24, 30] Pr: 2^{-41.664}  41 paths [8, 14, 16, 24, 30] [6, 14, 18, 22] #elements: 16384 
Testing 23552/32592 [6, 9, 10, 14, 17, 22, 23, 24, 26, 28] [8, 16, 22, 24] Pr: 2^{-41.664}  41 paths [8, 16, 22, 24] [6, 14, 18, 22, 28] #elements: 262144 
Testing 24576/32592 [0, 6, 8, 9, 10, 14, 15, 16, 17, 22, 24, 26] [7, 8, 14, 16, 23, 24] Pr: 2^{-41.664}  44 paths [7, 8, 14, 16, 23, 24] [6, 14, 18, 22] #elements: 262144 
Testing 25600/32592 [0, 6, 8, 10, 14, 16, 17, 22, 26] [7, 8, 15, 16, 22, 24] Pr: 2^{-41.664}  44 paths [7, 8, 15, 16, 22, 24] [6, 14, 18, 22] #elements: 262144 
Testing 26624/32592 [2, 6, 10, 14, 15, 16, 24, 26, 28] [8, 14, 16, 24, 26] Pr: 2^{-41.664}  41 paths [8, 14, 16, 24, 26] [6, 14, 18, 22] #elements: 262144 
Testing 27648/32592 [0, 6, 9, 10, 14, 22, 23, 24, 26, 31] [8, 16, 22, 24, 30] Pr: 2^{-41.664}  41 paths [8, 16, 22, 24, 30] [6, 14, 18, 22] #elements: 262144 
Testing 28672/32592 [6, 9, 10, 14, 15, 22, 23, 24, 25, 26] [7, 8, 16, 22, 24] Pr: 2^{-41.664}  41 paths [7, 8, 16, 22, 24] [6, 14, 18, 22] #elements: 262144 
Testing 29696/32592 [6, 10, 14, 16, 17, 22, 24, 25, 26] [7, 8, 15, 16, 23, 24] Pr: 2^{-41.664}  44 paths [7, 8, 15, 16, 23, 24] [6, 14, 18, 22] #elements: 262144 
Sorting 30272 elements w.r.t. probability
Storing 30272 differences
1 [7, 12, 18, 22] [6, 10, 14] Pr: 2^{-44.962}  38 paths [6, 10, 14] [8, 16]
2 [7, 12, 15, 22] [6, 10, 14] Pr: 2^{-44.962}  38 paths [6, 10, 14] [8, 16]
3 [12, 14, 15, 22] [6, 10, 14] Pr: 2^{-44.962}  38 paths [6, 10, 14] [8, 16]
sqrt(Sum Pr^2): 2^{-40.158}
-------------------------------------
Round 13
-------------------------------------
Testing 1024/30272 [7, 12, 14, 15, 18, 22, 23, 27, 28] [6, 10, 14, 22, 26] Pr: 2^{-45.886}  47 paths [6, 10, 14, 22, 26] [8, 15, 16, 24] #elements: 262144 
Testing 2048/30272 [7, 11, 12, 19, 26] [6, 10, 14, 17, 24] Pr: 2^{-46.962}  41 paths [6, 10, 14, 17, 24] [8, 16] #elements: 1024 
Testing 3072/30272 [11, 12, 18, 19, 22, 23, 27, 28] [6, 10, 14, 17, 22, 26] Pr: 2^{-47.383}  50 paths [6, 10, 14, 17, 22, 26] [8, 16, 24] #elements: 65536 
Testing 4096/30272 [7, 12, 18, 21, 22, 28] [6, 10, 14, 20] Pr: 2^{-47.899}  38 paths [6, 10, 14, 20] [8, 16, 18] #elements: 4096 
Testing 5120/30272 [1, 11, 12, 14, 15, 18, 27, 28] [0, 6, 10, 14, 22, 26] Pr: 2^{-48.242}  45 paths [0, 6, 10, 14, 22, 26] [8, 16, 22, 24] #elements: 65536 
Testing 6144/30272 [1, 2, 8, 12, 18, 23, 28, 30] [0, 6, 10, 14, 22, 26] Pr: 2^{-48.242}  45 paths [0, 6, 10, 14, 22, 26] [8, 16, 22, 24] #elements: 65536 
Testing 7168/30272 [1, 2, 11, 12, 14, 18, 22, 23, 27, 28, 30] [0, 6, 10, 14, 22, 26] Pr: 2^{-48.242}  45 paths [0, 6, 10, 14, 22, 26] [8, 16, 22, 24] #elements: 262144 
Testing 8192/30272 [2, 7, 12, 28, 30] [0, 6, 10, 14, 22, 26] Pr: 2^{-48.242}  45 paths [0, 6, 10, 14, 22, 26] [8, 16, 22, 24] #elements: 1024 
Testing 9216/30272 [7, 11, 12, 15, 22, 23, 28, 30] [6, 9, 10, 14, 22, 26] Pr: 2^{-48.383}  45 paths [6, 9, 10, 14, 22, 26] [8, 15, 16, 24] #elements: 65536 
Testing 10240/30272 [7, 10, 11, 12, 14, 15, 17, 27, 28] [6, 9, 10, 14, 22, 26] Pr: 2^{-48.383}  45 paths [6, 9, 10, 14, 22, 26] [8, 15, 16, 24] #elements: 262144 
Testing 11264/30272 [12, 14, 15, 18, 23, 28] [6, 10, 14, 16, 22, 26] Pr: 2^{-48.383}  46 paths [6, 10, 14, 16, 22, 26] [8, 16, 24] #elements: 4096 
Testing 12288/30272 [2, 7, 11, 12, 14, 17, 18, 24, 28] [6, 10, 14, 16, 22, 26] Pr: 2^{-48.383}  46 paths [6, 10, 14, 16, 22, 26] [8, 16, 24] #elements: 262144 
Testing 13312/30272 [12, 15, 18, 22, 24, 27, 28, 30] [6, 10, 14, 16, 22, 26] Pr: 2^{-48.383}  46 paths [6, 10, 14, 16, 22, 26] [8, 16, 24] #elements: 65536 
Testing 14336/30272 [7, 11, 12, 14, 17, 22, 24, 27, 28, 30] [6, 10, 14, 16, 22, 26] Pr: 2^{-48.383}  46 paths [6, 10, 14, 16, 22, 26] [8, 16, 24] #elements: 262144 
Testing 15360/30272 [2, 7, 11, 12, 15, 22, 23, 27, 28] [6, 9, 10, 14, 22, 26] Pr: 2^{-48.383}  45 paths [6, 9, 10, 14, 22, 26] [8, 15, 16, 24] #elements: 262144 
Testing 16384/30272 [7, 10, 11, 12, 17, 18, 22, 23, 28] [6, 9, 10, 14, 22, 26] Pr: 2^{-48.383}  45 paths [6, 9, 10, 14, 22, 26] [8, 15, 16, 24] #elements: 262144 
Testing 17408/30272 [2, 7, 12, 14, 18, 23, 25, 26, 28] [6, 10, 14, 22, 24, 26] Pr: 2^{-48.383}  46 paths [6, 10, 14, 22, 24, 26] [8, 16, 24] #elements: 262144 
Testing 18432/30272 [2, 7, 12, 14, 18, 22, 26, 28] [6, 10, 14, 22, 24, 26] Pr: 2^{-48.383}  46 paths [6, 10, 14, 22, 24, 26] [8, 16, 24] #elements: 65536 
Testing 19456/30272 [0, 11, 12, 25, 26, 28, 30] [6, 10, 14, 22, 24, 26] Pr: 2^{-48.383}  46 paths [6, 10, 14, 22, 24, 26] [8, 16, 24] #elements: 16384 
Testing 20480/30272 [0, 11, 12, 18, 19, 25, 26, 28, 30] [6, 10, 14, 17, 22, 24, 26] Pr: 2^{-48.54}  53 paths [6, 10, 14, 17, 22, 24, 26] [8, 15, 16, 24] #elements: 262144 
Testing 21504/30272 [2, 7, 11, 12, 14, 18, 19, 22, 23, 25, 26, 28] [6, 10, 14, 17, 22, 24, 26] Pr: 2^{-48.54}  53 paths [6, 10, 14, 17, 22, 24, 26] [8, 15, 16, 24] #elements: 262144 
Testing 22528/30272 [7, 11, 12, 15, 18, 19, 22, 23, 26, 27, 28] [6, 10, 14, 17, 22, 24, 26] Pr: 2^{-48.54}  53 paths [6, 10, 14, 17, 22, 24, 26] [8, 15, 16, 24] #elements: 262144 
Testing 23552/30272 [2, 7, 12, 15, 19, 22, 23, 26, 28, 30] [6, 10, 14, 17, 22, 24, 26] Pr: 2^{-48.54}  53 paths [6, 10, 14, 17, 22, 24, 26] [8, 15, 16, 24] #elements: 262144 
Testing 24576/30272 [2, 7, 11, 12, 22, 26, 27, 28, 30] [6, 10, 14, 22, 25, 26] Pr: 2^{-48.54}  44 paths [6, 10, 14, 22, 25, 26] [8, 16, 23, 24] #elements: 262144 
Testing 25600/30272 [1, 12, 18, 22, 27, 28, 30] [6, 10, 14, 22, 25, 26] Pr: 2^{-48.54}  44 paths [6, 10, 14, 22, 25, 26] [8, 16, 23, 24] #elements: 16384 
Testing 26624/30272 [1, 12, 15, 18, 22, 26, 28] [6, 10, 14, 22, 25, 26] Pr: 2^{-48.54}  44 paths [6, 10, 14, 22, 25, 26] [8, 16, 23, 24] #elements: 16384 
Testing 27648/30272 [1, 7, 12, 14, 18, 26, 28, 30] [6, 10, 14, 22, 25, 26] Pr: 2^{-48.54}  44 paths [6, 10, 14, 22, 25, 26] [8, 16, 23, 24] #elements: 65536 
Sorting 24808 elements w.r.t. probability
Storing 24808 differences
1 [6, 10] [12] Pr: 2^{-46.785}  39 paths [12] [6, 10, 14]
2 [6, 10, 20] [12] Pr: 2^{-46.785}  39 paths [12] [6, 10, 14]
3 [6, 10, 13, 20] [12] Pr: 2^{-46.785}  39 paths [12] [6, 10, 14]
sqrt(Sum Pr^2): 2^{-44.546}
-------------------------------------
Round 14
-------------------------------------
Testing 1024/24808 [6, 8, 9, 10, 19, 20, 26] [7, 12, 18] Pr: 2^{-50.785}  39 paths [7, 12, 18] [6, 10, 14] #elements: 16384 
Testing 2048/24808 [6, 8, 9, 10, 16, 19, 20, 22, 26] [7, 12, 14, 18] Pr: 2^{-51.962}  39 paths [7, 12, 14, 18] [6, 10, 14] #elements: 262144 
Testing 3072/24808 [6, 9, 10, 15, 16, 19, 20, 26] [7, 12, 14, 18] Pr: 2^{-51.962}  39 paths [7, 12, 14, 18] [6, 10, 14] #elements: 65536 
Testing 4096/24808 [6, 9, 10, 16, 26, 29, 30] [7, 12, 14, 28] Pr: 2^{-52.886}  48 paths [7, 12, 14, 28] [6, 10, 14, 22, 26] #elements: 16384 
Testing 5120/24808 [6, 10, 13, 17, 20, 21, 24] [11, 12, 19, 22] Pr: 2^{-52.962}  40 paths [11, 12, 19, 22] [6, 10, 14, 17] #elements: 16384 
Testing 6144/24808 [6, 10, 13, 15, 22, 26] [12, 14, 18] Pr: 2^{-52.962}  38 paths [12, 14, 18] [6, 10, 14, 16] #elements: 4096 
Testing 7168/24808 [6, 9, 10, 13, 17, 18, 19, 25] [12, 15, 17] Pr: 2^{-52.962}  38 paths [12, 15, 17] [6, 9, 10, 14] #elements: 65536 
Testing 8192/24808 [6, 10, 12, 13, 16, 21, 27] [11, 12, 15, 19] Pr: 2^{-52.962}  40 paths [11, 12, 15, 19] [6, 10, 14, 17] #elements: 16384 
Testing 9216/24808 [1, 6, 8, 9, 10, 17, 20, 21, 26, 27] [7, 12, 19, 25] Pr: 2^{-52.962}  40 paths [7, 12, 19, 25] [6, 10, 14, 17] #elements: 262144 
Testing 10240/24808 [6, 9, 10, 20, 24, 26] [7, 12, 18, 22] Pr: 2^{-52.962}  38 paths [7, 12, 18, 22] [6, 10, 14] #elements: 4096 
Testing 11264/24808 [6, 8, 9, 10, 16, 17, 19, 20, 26] [7, 12, 15, 18] Pr: 2^{-52.962}  38 paths [7, 12, 15, 18] [6, 10, 14] #elements: 262144 
Testing 12288/24808 [6, 10, 13, 16, 17, 20, 22, 24, 25, 26, 29, 30] [12, 15, 23, 28] Pr: 2^{-53.886}  47 paths [12, 15, 23, 28] [6, 10, 14, 22, 26] #elements: 262144 
Testing 13312/24808 [0, 6, 10, 16, 26, 30] [12, 14, 28, 30] Pr: 2^{-53.886}  47 paths [12, 14, 28, 30] [6, 10, 14, 22, 26] #elements: 4096 
Testing 14336/24808 [4, 6, 10, 13, 19, 20, 22, 24, 26, 29, 30] [11, 12, 22, 28] Pr: 2^{-53.886}  47 paths [11, 12, 22, 28] [6, 10, 14, 22, 26] #elements: 262144 
Testing 15360/24808 [6, 8, 9, 10, 17, 20, 22, 26, 30] [7, 12, 15, 28] Pr: 2^{-53.886}  47 paths [7, 12, 15, 28] [6, 10, 14, 22, 26] #elements: 262144 
Testing 16384/24808 [6, 10, 16, 26, 30] [12, 14, 27, 28] Pr: 2^{-53.886}  47 paths [12, 14, 27, 28] [6, 10, 14, 22, 26] #elements: 1024 
Testing 17408/24808 [4, 6, 10, 16, 17, 22, 23, 25, 26, 30, 31] [12, 15, 23, 28] Pr: 2^{-53.886}  47 paths [12, 15, 23, 28] [6, 10, 14, 22, 26] #elements: 262144 
Testing 18432/24808 [4, 6, 10, 16, 17, 20, 22, 23, 26, 28, 30] [12, 15, 27, 28] Pr: 2^{-53.886}  47 paths [12, 15, 27, 28] [6, 10, 14, 22, 26] #elements: 262144 
Testing 19456/24808 [3, 6, 20, 22, 24, 25, 26, 29, 30, 31] [2, 12, 23, 28] Pr: 2^{-53.886}  47 paths [2, 12, 23, 28] [6, 10, 14, 22, 26] #elements: 262144 
Testing 20480/24808 [3, 6, 10, 12, 13, 19, 20, 22, 26, 30] [2, 11, 12, 28] Pr: 2^{-53.886}  47 paths [2, 11, 12, 28] [6, 10, 14, 22, 26] #elements: 262144 
Testing 21504/24808 [6, 8, 9, 10, 22, 23, 29] [7, 12, 21] Pr: 2^{-53.899}  38 paths [7, 12, 21] [6, 10, 14, 20] #elements: 16384 
Testing 22528/24808 [6, 9, 10, 13, 15, 17, 23, 24, 26] [7, 12, 14, 15, 18, 22] Pr: 2^{-54.962}  41 paths [7, 12, 14, 15, 18, 22] [6, 10, 14] #elements: 262144 
Sorting 6096 elements w.r.t. probability
Storing 6096 differences
1 [8, 11, 18] [6, 10] Pr: 2^{-49.956}  46 paths [6, 10] [12]
2 [8, 11, 14, 18] [6, 10] Pr: 2^{-49.956}  46 paths [6, 10] [12]
3 [7, 8, 18] [6, 10] Pr: 2^{-49.956}  46 paths [6, 10] [12]
sqrt(Sum Pr^2): 2^{-47.382}
-------------------------------------
Round 15
-------------------------------------
Testing 1024/6096 [8, 11, 14, 20, 21, 28] [6, 10, 19, 26] Pr: 2^{-55.2}  42 paths [6, 10, 19, 26] [12, 18] #elements: 4096 
Testing 2048/6096 [8, 22] [6, 10, 20, 26] Pr: 2^{-56.2}  40 paths [6, 10, 20, 26] [12, 18] #elements: 16 
Testing 3072/6096 [8, 18, 22, 27] [6, 10, 20, 26] Pr: 2^{-56.2}  40 paths [6, 10, 20, 26] [12, 18] #elements: 256 
Testing 4096/6096 [7, 8, 11, 14, 17] [6, 9, 10, 15] Pr: 2^{-56.785}  39 paths [6, 9, 10, 15] [7, 12] #elements: 1024 
Testing 5120/6096 [7, 8, 10, 18] [6, 8, 9, 10] Pr: 2^{-56.785}  39 paths [6, 8, 9, 10] [7, 12] #elements: 256 
Sorting 3804 elements w.r.t. probability
Storing 3804 differences
1 [6, 9, 16] [8] Pr: 2^{-51.693}  49 paths [8] [6, 10]
2 [6] [8] Pr: 2^{-51.693}  49 paths [8] [6, 10]
3 [6, 16] [8] Pr: 2^{-51.693}  49 paths [8] [6, 10]
sqrt(Sum Pr^2): 2^{-49.956}
-------------------------------------
Round 16
-------------------------------------
Testing 1024/3804 [6, 8, 9, 13, 19, 22] [7, 8, 11, 14] Pr: 2^{-56.956}  47 paths [7, 8, 11, 14] [6, 10] #elements: 4096 
Testing 2048/3804 [6, 17, 22, 23] [8, 11, 15, 21] Pr: 2^{-57.99}  48 paths [8, 11, 15, 21] [6, 10, 13] #elements: 256 
Testing 3072/3804 [6, 16, 20, 21, 23] [8, 14, 15, 19, 25] Pr: 2^{-61.69}  48 paths [8, 14, 15, 19, 25] [6, 10, 17] #elements: 1024 
Sorting 1132 elements w.r.t. probability
Storing 1132 differences
1 [] [6] Pr: 2^{-53.014}  52 paths [6] [8]
2 [7] [6] Pr: 2^{-53.014}  52 paths [6] [8]
3 [7, 14] [6] Pr: 2^{-53.014}  52 paths [6] [8]
sqrt(Sum Pr^2): 2^{-51.593}
-------------------------------------
Round 17
-------------------------------------
Testing 1024/1132 [11, 18, 21, 22] [6, 9, 20] Pr: 2^{-59.703}  48 paths [6, 9, 20] [8, 18] #elements: 256 
Sorting 270 elements w.r.t. probability
Storing 270 differences
1 [6] [] Pr: 2^{-53.014}  52 paths [] [6]
2 [6, 15, 16, 22] [14] Pr: 2^{-55.014}  52 paths [14] [6]
3 [6, 8, 9, 15] [7] Pr: 2^{-55.014}  52 paths [7] [6]
sqrt(Sum Pr^2): 2^{-52.633}
-------------------------------------
Round 18
-------------------------------------
1 [7, 8] [6] Pr: 2^{-55.014}  52 paths [6] []
2 [8, 14] [6] Pr: 2^{-55.014}  52 paths [6] []
3 [8] [6] Pr: 2^{-55.014}  52 paths [6] []
sqrt(Sum Pr^2): 2^{-53.98}
-------------------------------------
Round 19
-------------------------------------
1 [6, 9, 10] [8] Pr: 2^{-57.014}  52 paths [8] [6]
2 [6, 10] [8] Pr: 2^{-57.014}  52 paths [8] [6]
3 [6, 10, 16] [8] Pr: 2^{-57.014}  52 paths [8] [6]
sqrt(Sum Pr^2): 2^{-55.663}
-------------------------------------
Round 20
-------------------------------------
1 [7, 11, 12, 14, 18] [6, 10] Pr: 2^{-60.314}  55 paths [6, 10] [8]
2 [11, 12, 14] [6, 10] Pr: 2^{-60.314}  55 paths [6, 10] [8]
3 [12, 14] [6, 10] Pr: 2^{-60.314}  55 paths [6, 10] [8]
sqrt(Sum Pr^2): 2^{-57.917}
-------------------------------------
Round 21
-------------------------------------
Testing 1024/2512 [7, 9, 10, 12, 17, 18, 23] [6, 8, 10, 15] Pr: 2^{-65.429}  55 paths [6, 8, 10, 15] [7, 8] #elements: 16384 
Testing 2048/2512 [12, 18, 23, 24, 30] [6, 9, 10, 22] Pr: 2^{-66.429}  53 paths [6, 9, 10, 22] [8, 14] #elements: 1024 
Sorting 17816 elements w.r.t. probability
Storing 17816 differences
1 [6, 10, 14] [12] Pr: 2^{-62.314}  55 paths [12] [6, 10]
2 [6, 10, 13, 14, 20] [12] Pr: 2^{-62.314}  55 paths [12] [6, 10]
3 [6, 10, 14, 20] [12] Pr: 2^{-62.314}  55 paths [12] [6, 10]
sqrt(Sum Pr^2): 2^{-60.473}
-------------------------------------
Round 22
-------------------------------------
Testing 1024/17816 [6, 9, 10, 13, 14, 15, 20] [12, 14] Pr: 2^{-67.314}  59 paths [12, 14] [6, 9, 10, 16] #elements: 16384 
Testing 2048/17816 [6, 9, 10, 13, 14, 16, 19, 22, 26] [12, 14, 18] Pr: 2^{-68.314}  55 paths [12, 14, 18] [6, 9, 10] #elements: 262144 
Testing 3072/17816 [6, 10, 14, 15, 19, 20, 22, 26] [12, 14, 18] Pr: 2^{-68.314}  55 paths [12, 14, 18] [6, 10, 16] #elements: 65536 
Testing 4096/17816 [6, 9, 10, 11, 13, 14, 16, 19] [10, 11, 12] Pr: 2^{-69.314}  59 paths [10, 11, 12] [6, 9, 10, 16] #elements: 65536 
Testing 5120/17816 [6, 10, 14, 15, 19, 24, 25] [12, 16, 17] Pr: 2^{-69.692}  54 paths [12, 16, 17] [6, 10, 15] #elements: 16384 
Testing 6144/17816 [6, 8, 9, 10, 13, 14, 19, 20, 26] [7, 11, 12, 14, 18] Pr: 2^{-70.314}  58 paths [7, 11, 12, 14, 18] [6, 10, 16] #elements: 262144 
Testing 7168/17816 [6, 9, 10, 13, 14, 20, 26] [7, 11, 12, 14, 18] Pr: 2^{-70.314}  58 paths [7, 11, 12, 14, 18] [6, 10, 16] #elements: 16384 
Testing 8192/17816 [6, 9, 10, 14, 15, 19] [12, 14, 18, 24] Pr: 2^{-71.314}  59 paths [12, 14, 18, 24] [6, 9, 10, 16] #elements: 4096 
Testing 9216/17816 [6, 8, 10, 12, 13, 14, 15, 19] [7, 10, 12, 14, 17] Pr: 2^{-71.314}  62 paths [7, 10, 12, 14, 17] [6, 9, 10, 16] #elements: 65536 
Testing 10240/17816 [0, 6, 9, 10, 11, 13, 14, 16, 18, 19, 20, 26] [10, 11, 12, 17, 24] Pr: 2^{-71.314}  62 paths [10, 11, 12, 17, 24] [6, 9, 10, 16] #elements: 262144 
Testing 11264/17816 [0, 6, 8, 10, 12, 13, 14, 16, 18, 20, 26] [7, 10, 12, 24] Pr: 2^{-71.314}  59 paths [7, 10, 12, 24] [6, 9, 10, 16] #elements: 262144 
Testing 12288/17816 [6, 10, 11, 12, 13, 14, 18, 19, 22, 25] [7, 10, 12, 14, 17] Pr: 2^{-71.314}  62 paths [7, 10, 12, 14, 17] [6, 9, 10, 16] #elements: 262144 
Testing 13312/17816 [6, 9, 10, 12, 14, 19, 22, 26] [11, 12, 14, 18, 24] Pr: 2^{-72.314}  60 paths [11, 12, 14, 18, 24] [6, 9, 10, 16] #elements: 65536 
Testing 14336/17816 [6, 9, 10, 11, 12, 14, 15, 19, 20] [10, 11, 12, 14, 17] Pr: 2^{-72.314}  60 paths [10, 11, 12, 14, 17] [6, 9, 10, 16] #elements: 262144 
Testing 15360/17816 [0, 6, 8, 10, 14, 15, 16, 18, 26] [7, 11, 12, 17, 24] Pr: 2^{-72.314}  60 paths [7, 11, 12, 17, 24] [6, 9, 10, 16] #elements: 262144 
Testing 16384/17816 [0, 6, 8, 10, 12, 13, 14, 15, 16, 20, 25, 26] [7, 11, 12, 17, 24] Pr: 2^{-72.314}  60 paths [7, 11, 12, 17, 24] [6, 9, 10, 16] #elements: 262144 
Sorting 18170 elements w.r.t. probability
Storing 18170 differences
1 [7, 8, 11, 14, 16, 18] [6, 10, 14] Pr: 2^{-67.434}  62 paths [6, 10, 14] [12]
2 [7, 8, 16, 18, 22] [6, 10, 14] Pr: 2^{-67.434}  62 paths [6, 10, 14] [12]
3 [8, 16, 22] [6, 10, 14] Pr: 2^{-67.434}  62 paths [6, 10, 14] [12]
sqrt(Sum Pr^2): 2^{-63.889}
-------------------------------------
Round 23
-------------------------------------
Testing 1024/18170 [7, 8, 11, 15, 16, 21] [6, 10, 13, 14, 20] Pr: 2^{-69.613}  70 paths [6, 10, 13, 14, 20] [12] #elements: 4096 
Testing 2048/18170 [8, 11, 15, 16, 18, 22] [6, 10, 13, 14, 16] Pr: 2^{-72.314}  58 paths [6, 10, 13, 14, 16] [12] #elements: 4096 
Testing 3072/18170 [8, 10, 11, 16, 22] [6, 9, 10, 13, 14] Pr: 2^{-72.314}  58 paths [6, 9, 10, 13, 14] [7, 12] #elements: 1024 
Testing 4096/18170 [7, 8, 11, 16, 18, 21, 22] [6, 10, 12, 13, 14] Pr: 2^{-72.729}  58 paths [6, 10, 12, 13, 14] [11, 12] #elements: 16384 
Testing 5120/18170 [8, 11, 16, 20, 21, 22] [6, 10, 14, 19, 20] Pr: 2^{-72.992}  57 paths [6, 10, 14, 19, 20] [11, 12] #elements: 4096 
Testing 6144/18170 [7, 8, 11, 17] [6, 10, 14, 15] Pr: 2^{-73.181}  57 paths [6, 10, 14, 15] [7, 12] #elements: 256 
Testing 7168/18170 [7, 8, 14, 16, 17, 22] [6, 9, 10, 14, 20] Pr: 2^{-73.314}  56 paths [6, 9, 10, 14, 20] [7, 12] #elements: 4096 
Testing 8192/18170 [7, 8, 14, 16, 17, 22, 24, 28] [6, 10, 14, 16, 20] Pr: 2^{-73.314}  56 paths [6, 10, 14, 16, 20] [12] #elements: 65536 
Testing 9216/18170 [2, 8, 11, 16, 21, 28] [6, 10, 14, 20, 26] Pr: 2^{-73.729}  56 paths [6, 10, 14, 20, 26] [12, 18] #elements: 4096 
Testing 10240/18170 [8, 11, 16, 21, 22, 28] [6, 10, 12, 14, 20] Pr: 2^{-73.729}  56 paths [6, 10, 12, 14, 20] [11, 12] #elements: 4096 
Testing 11264/18170 [7, 8, 15, 16, 18, 20, 21, 22] [6, 10, 12, 14, 20] Pr: 2^{-73.729}  56 paths [6, 10, 12, 14, 20] [11, 12] #elements: 65536 
Testing 12288/18170 [7, 8, 16, 17, 18, 23] [6, 10, 14, 16, 22] Pr: 2^{-74.314}  55 paths [6, 10, 14, 16, 22] [12, 14] #elements: 4096 
Testing 13312/18170 [7, 8, 11, 14, 16, 17, 18] [6, 10, 14, 15, 16] Pr: 2^{-74.314}  55 paths [6, 10, 14, 15, 16] [12, 14] #elements: 16384 
Testing 14336/18170 [8, 11, 14, 16, 18, 23, 24] [6, 10, 14, 15, 16] Pr: 2^{-74.314}  55 paths [6, 10, 14, 15, 16] [12, 14] #elements: 16384 
Testing 15360/18170 [2, 8, 11, 15, 16, 20, 22, 27, 28] [6, 10, 12, 14, 26] Pr: 2^{-75.314}  56 paths [6, 10, 12, 14, 26] [11, 12, 18] #elements: 262144 
Testing 16384/18170 [7, 8, 11, 13, 14, 16, 18, 20, 22, 27, 28] [6, 10, 12, 14, 26] Pr: 2^{-75.314}  56 paths [6, 10, 12, 14, 26] [11, 12, 18] #elements: 262144 
Sorting 31848 elements w.r.t. probability
Storing 31848 differences
1 [6, 9, 14, 18, 24] [8, 16] Pr: 2^{-71.107}  65 paths [8, 16] [6, 10, 14]
2 [6, 9, 14, 17, 18] [8, 16] Pr: 2^{-71.107}  65 paths [8, 16] [6, 10, 14]
3 [6, 9, 14, 16, 18] [8, 16] Pr: 2^{-71.107}  65 paths [8, 16] [6, 10, 14]
sqrt(Sum Pr^2): 2^{-67.831}
-------------------------------------
Round 24
-------------------------------------
Testing 1024/31848 [6, 8, 14, 16, 17, 18, 24] [7, 8, 15, 16] Pr: 2^{-74.126}  64 paths [7, 8, 15, 16] [6, 10, 14] #elements: 16384 
Testing 2048/31848 [6, 14, 18, 19, 20, 24] [8, 14, 16, 18] Pr: 2^{-75.272}  63 paths [8, 14, 16, 18] [6, 10, 14] #elements: 4096 
Testing 3072/31848 [6, 8, 9, 12, 13, 14, 15, 16, 18, 24] [7, 8, 11, 16] Pr: 2^{-75.434}  62 paths [7, 8, 11, 16] [6, 10, 14] #elements: 262144 
Testing 4096/31848 [6, 12, 13, 14, 18, 20, 26] [8, 11, 15, 16, 18] Pr: 2^{-75.434}  65 paths [8, 11, 15, 16, 18] [6, 10, 14] #elements: 16384 
Testing 5120/31848 [6, 9, 13, 14, 18, 20, 26] [8, 15, 16, 18] Pr: 2^{-75.497}  67 paths [8, 15, 16, 18] [6, 10, 13, 14] #elements: 16384 

-------------------------------------
Round 18
-------------------------------------
Sorting 4 elements w.r.t. probability
Storing 4 differences
1 [6] [7, 8, 14] Pr: 2^{-2} [] [6]
2 [6] [8, 14] Pr: 2^{-2} [] [6]
3 [6] [7, 8] Pr: 2^{-2} [] [6]
sqrt(Sum Pr^2): 2^{-1}
-------------------------------------
Round 17
-------------------------------------
Sorting 68 elements w.r.t. probability
Storing 68 differences
1 [8] [6, 9, 10] Pr: 2^{-4} [6] [8]
2 [8] [6, 10, 16] Pr: 2^{-4} [6] [8]
3 [8] [6, 9, 10, 16] Pr: 2^{-4} [6] [8]
sqrt(Sum Pr^2): 2^{-2.65}
-------------------------------------
Round 16
-------------------------------------
Sorting 2256 elements w.r.t. probability
Storing 2256 differences
1 [6, 10] [7, 11, 12] Pr: 2^{-7.3}  4 paths [8] [6, 10]
2 [6, 10] [7, 12] Pr: 2^{-7.3}  4 paths [8] [6, 10]
3 [6, 10] [7, 12, 14, 18] Pr: 2^{-7.3}  4 paths [8] [6, 10]
sqrt(Sum Pr^2): 2^{-4.919}
-------------------------------------
Round 15
-------------------------------------
Testing 1024/2256 [6, 10, 15, 16] [11, 12, 14, 16, 17, 18, 24] Pr: 2^{-13}  2 paths [8, 14] [6, 10, 15, 16] #elements: 16384 
Testing 2048/2256 [6, 10, 15, 16] [11, 12, 16, 23] Pr: 2^{-13}  2 paths [8, 14] [6, 10, 15, 16] #elements: 256 
Sorting 1592 elements w.r.t. probability
Storing 1592 differences
1 [12] [6, 10, 13, 14, 20] Pr: 2^{-9.3}  4 paths [6, 10] [12]
2 [12] [6, 10, 13, 14] Pr: 2^{-9.3}  4 paths [6, 10] [12]
3 [12] [6, 10, 14, 20] Pr: 2^{-9.3}  4 paths [6, 10] [12]
sqrt(Sum Pr^2): 2^{-7.526}
-------------------------------------
Round 14
-------------------------------------
Testing 1024/1592 [12, 14, 18] [6, 10, 14, 15, 16, 19, 20, 26] Pr: 2^{-13.3}  4 paths [6, 10] [12, 14, 18] #elements: 65536 
Sorting 4032 elements w.r.t. probability
Storing 4032 differences
1 [6, 10, 14] [8, 14, 16, 22] Pr: 2^{-14.492}  9 paths [12] [6, 10, 14]
2 [6, 10, 14] [8, 11, 14, 15, 16] Pr: 2^{-14.492}  9 paths [12] [6, 10, 14]
3 [6, 10, 14] [8, 14, 16, 18] Pr: 2^{-14.492}  9 paths [12] [6, 10, 14]
sqrt(Sum Pr^2): 2^{-11.059}
-------------------------------------
Round 13
-------------------------------------
Testing 1024/4032 [6, 9, 10, 14, 16, 22] [7, 8, 10, 15, 16, 17, 18, 22] Pr: 2^{-23.3}  6 paths [7, 12, 14] [6, 9, 10, 14, 16, 22] #elements: 65536 
Testing 2048/4032 [6, 10, 14, 26] [2, 7, 8, 11, 14, 15, 16, 18, 27, 28] Pr: 2^{-18.715}  5 paths [12, 18] [6, 10, 14, 26] #elements: 262144 
Testing 3072/4032 [6, 9, 10, 14, 16, 22] [8, 15, 16, 17, 22, 23] Pr: 2^{-23.3}  6 paths [7, 12, 14] [6, 9, 10, 14, 16, 22] #elements: 4096 
Sorting 16336 elements w.r.t. probability
Storing 8192 differences
1 [8, 16] [6, 9, 14, 16, 18] Pr: 2^{-18.3}  11 paths [6, 10, 14] [8, 16]
2 [8, 16] [6, 9, 14, 17, 18] Pr: 2^{-18.3}  11 paths [6, 10, 14] [8, 16]
3 [8, 16] [6, 14, 16, 17, 18, 24] Pr: 2^{-18.3}  11 paths [6, 10, 14] [8, 16]
sqrt(Sum Pr^2): 2^{-15.194}
-------------------------------------
Round 12
-------------------------------------
Testing 1024/8192 [8, 16, 28] [4, 6, 13, 14, 16, 17, 18, 20, 24, 29, 30] Pr: 2^{-23.3}  7 paths [6, 10, 13, 14, 20] [8, 16, 28] #elements: 262144 
Testing 2048/8192 [8, 14, 15, 16, 22] [6, 9, 14, 16, 18, 23] Pr: 2^{-22.492}  12 paths [6, 10, 14] [8, 14, 15, 16, 22] #elements: 4096 
Testing 3072/8192 [8, 11, 15, 16] [6, 13, 14, 16, 17, 18, 19, 23, 24] Pr: 2^{-21.492}  10 paths [6, 10, 14] [8, 11, 15, 16] #elements: 262144 
Testing 4096/8192 [8, 14, 15, 16, 22] [6, 14, 17, 18, 23, 24] Pr: 2^{-22.492}  12 paths [6, 10, 14] [8, 14, 15, 16, 22] #elements: 4096 
Testing 5120/8192 [7, 8, 11, 16, 18] [6, 8, 9, 12, 13, 14, 16, 18, 19, 20, 26] Pr: 2^{-23.492}  10 paths [6, 10, 14] [7, 8, 11, 16, 18] #elements: 262144 
Testing 6144/8192 [8, 11, 16] [6, 9, 14, 16, 17, 18, 20, 24] Pr: 2^{-23.3}  7 paths [6, 10, 13, 14, 20] [8, 11, 16] #elements: 65536 
Testing 7168/8192 [8, 14, 16, 21] [6, 13, 14, 17, 18, 22, 23, 24, 29] Pr: 2^{-22.599}  12 paths [6, 10, 13, 14] [8, 14, 16, 21] #elements: 262144 
Testing 8192/8192 [7, 8, 11, 16, 18] [6, 8, 9, 12, 13, 14, 17, 18, 20, 26] Pr: 2^{-23.492}  10 paths [6, 10, 14] [7, 8, 11, 16, 18] #elements: 262144 
Sorting 27840 elements w.r.t. probability
Storing 8192 differences
1 [6, 14, 18] [7, 20, 26] Pr: 2^{-22.798}  23 paths [8, 16] [6, 14, 18]
2 [6, 14, 18] [7, 14, 19, 20, 22, 26] Pr: 2^{-22.798}  23 paths [8, 16] [6, 14, 18]
3 [6, 14, 18] [14, 19, 20, 22, 26] Pr: 2^{-22.798}  23 paths [8, 16] [6, 14, 18]
sqrt(Sum Pr^2): 2^{-19.245}
-------------------------------------
Round 11
-------------------------------------
Testing 1024/8192 [6, 14, 18, 23] [14, 15, 20, 25, 26] Pr: 2^{-26.17}  14 paths [8, 15, 16] [6, 14, 18, 23] #elements: 1024 
Testing 2048/8192 [6, 14, 16, 17, 18] [14, 15, 17, 20, 22, 25] Pr: 2^{-27.67}  13 paths [8, 16] [6, 14, 16, 17, 18] #elements: 4096 
Testing 3072/8192 [6, 9, 14, 17, 18] [11, 15, 20, 22, 25] Pr: 2^{-27.776}  12 paths [8, 16] [6, 9, 14, 17, 18] #elements: 1024 
Testing 4096/8192 [6, 9, 14, 16, 18] [11, 14, 17, 18, 19, 20, 22, 26] Pr: 2^{-26.776}  14 paths [8, 16] [6, 9, 14, 16, 18] #elements: 65536 
Testing 5120/8192 [6, 9, 14, 17, 18] [7, 11, 14, 15, 17, 18, 19, 20, 22, 25] Pr: 2^{-27.776}  12 paths [8, 16] [6, 9, 14, 17, 18] #elements: 262144 
Testing 6144/8192 [6, 9, 14, 16, 18] [7, 10, 11, 15, 18, 19, 20, 26] Pr: 2^{-26.776}  14 paths [8, 16] [6, 9, 14, 16, 18] #elements: 65536 
Testing 7168/8192 [6, 9, 14, 18, 24] [7, 11, 15, 17, 20, 25] Pr: 2^{-27.776}  12 paths [8, 16] [6, 9, 14, 18, 24] #elements: 4096 
Testing 8192/8192 [6, 9, 14, 18, 24] [0, 10, 11, 15, 17, 19, 20, 22, 25, 26] Pr: 2^{-27.776}  12 paths [8, 16] [6, 9, 14, 18, 24] #elements: 262144 
Sorting 5864 elements w.r.t. probability
Storing 5864 differences
1 [20] [6, 14, 18, 21, 22] Pr: 2^{-24.798}  23 paths [6, 14, 18] [20]
2 [20] [6, 14, 18, 21, 22, 28] Pr: 2^{-24.798}  23 paths [6, 14, 18] [20]
3 [20] [6, 14, 18, 22, 28] Pr: 2^{-24.798}  23 paths [6, 14, 18] [20]
sqrt(Sum Pr^2): 2^{-22.704}
-------------------------------------
Round 10
-------------------------------------
Testing 1024/5864 [7, 19, 20, 26] [2, 6, 9, 14, 15, 18, 20, 21, 22, 27, 28] Pr: 2^{-29.798}  24 paths [6, 14, 18] [7, 19, 20, 26] #elements: 262144 
Testing 2048/5864 [20, 21] [6, 13, 14, 18, 21, 23, 28, 29] Pr: 2^{-29.277}  22 paths [6, 13, 14, 18] [20, 21] #elements: 65536 
Testing 3072/5864 [15, 20, 22, 26] [2, 6, 14, 17, 18, 21, 22, 24, 27] Pr: 2^{-29.798}  24 paths [6, 14, 18] [15, 20, 22, 26] #elements: 262144 
Testing 4096/5864 [7, 15, 19, 20, 26] [2, 6, 8, 9, 14, 16, 17, 18, 22, 28] Pr: 2^{-31.798}  24 paths [6, 14, 18] [7, 15, 19, 20, 26] #elements: 262144 
Testing 5120/5864 [7, 15, 19, 20, 26] [6, 8, 9, 14, 17, 18, 21, 22, 23] Pr: 2^{-31.798}  24 paths [6, 14, 18] [7, 15, 19, 20, 26] #elements: 262144 
Sorting 15104 elements w.r.t. probability
Storing 8192 differences
1 [6, 14, 18, 22] [7, 8, 16, 23, 24, 30] Pr: 2^{-31.997}  28 paths [20] [6, 14, 18, 22]
2 [6, 14, 18, 22] [7, 8, 14, 16, 22, 24] Pr: 2^{-31.997}  28 paths [20] [6, 14, 18, 22]
3 [6, 14, 18, 22] [7, 8, 14, 15, 16, 19, 23, 24] Pr: 2^{-31.997}  28 paths [20] [6, 14, 18, 22]
sqrt(Sum Pr^2): 2^{-27.539}
-------------------------------------
Round 9
-------------------------------------
Testing 1024/8192 [6, 14, 18, 20, 22] [8, 15, 16, 22, 24, 26] Pr: 2^{-36.213}  24 paths [19, 20] [6, 14, 18, 20, 22] #elements: 4096 
Testing 2048/8192 [6, 14, 18, 21, 22, 28] [4, 7, 8, 14, 16, 23, 24, 29] Pr: 2^{-34.798}  26 paths [20] [6, 14, 18, 21, 22, 28] #elements: 65536 
Testing 3072/8192 [6, 14, 18, 22, 24] [8, 16, 19, 24, 25, 30] Pr: 2^{-35.847}  24 paths [20, 22] [6, 14, 18, 22, 24] #elements: 4096 
Testing 4096/8192 [6, 14, 18, 22, 24] [0, 7, 8, 16, 24] Pr: 2^{-35.847}  24 paths [20, 22] [6, 14, 18, 22, 24] #elements: 1024 
Testing 5120/8192 [6, 14, 18, 21, 22, 28] [4, 8, 15, 16, 19, 22, 23, 24] Pr: 2^{-34.798}  26 paths [20] [6, 14, 18, 21, 22, 28] #elements: 65536 
Testing 6144/8192 [6, 14, 18, 22, 27] [8, 14, 15, 16, 24, 26, 29] Pr: 2^{-35.476}  25 paths [19, 20] [6, 14, 18, 22, 27] #elements: 16384 
Testing 7168/8192 [6, 14, 18, 22, 27] [8, 16, 24, 26, 29, 30] Pr: 2^{-35.476}  25 paths [19, 20] [6, 14, 18, 22, 27] #elements: 4096 
Testing 8192/8192 [6, 14, 18, 22, 27] [8, 15, 16, 22, 24, 26, 29, 30] Pr: 2^{-35.476}  25 paths [19, 20] [6, 14, 18, 22, 27] #elements: 65536 
Sorting 185856 elements w.r.t. probability
Storing 8192 differences
1 [8, 16, 24] [0, 6, 10, 14, 17, 22, 26] Pr: 2^{-37.81}  26 paths [6, 14, 17, 18, 22] [8, 16, 24]
2 [8, 16, 24] [6, 10, 14, 17, 22, 26] Pr: 2^{-37.81}  26 paths [6, 14, 17, 18, 22] [8, 16, 24]
3 [8, 16, 24] [6, 10, 14, 16, 22, 26] Pr: 2^{-37.81}  26 paths [6, 14, 17, 18, 22] [8, 16, 24]
sqrt(Sum Pr^2): 2^{-33.635}
-------------------------------------
Round 8
-------------------------------------
Testing 1024/8192 [8, 14, 16, 24] [0, 6, 10, 14, 22, 25, 26] Pr: 2^{-39.997}  28 paths [6, 14, 18, 22] [8, 14, 16, 24] #elements: 16384 
Testing 2048/8192 [8, 16, 23, 24] [0, 6, 10, 14, 22, 24, 25, 26, 31] Pr: 2^{-38.901}  27 paths [6, 14, 18, 22, 24] [8, 16, 23, 24] #elements: 262144 
Testing 3072/8192 [8, 16, 24, 26] [0, 2, 6, 9, 10, 14, 22, 26, 27, 28] Pr: 2^{-39.997}  28 paths [6, 14, 18, 22] [8, 16, 24, 26] #elements: 262144 
Testing 4096/8192 [8, 16, 24] [6, 9, 10, 14, 16, 17, 21, 22, 24, 25, 26] Pr: 2^{-39.097}  30 paths [6, 14, 18, 21, 22] [8, 16, 24] #elements: 262144 
Testing 5120/8192 [8, 16, 24, 30] [0, 6, 9, 10, 14, 16, 22, 26, 31] Pr: 2^{-39.81}  26 paths [6, 14, 17, 18, 22] [8, 16, 24, 30] #elements: 262144 
Testing 6144/8192 [8, 16, 19, 24] [6, 9, 10, 14, 17, 20, 21, 22, 26] Pr: 2^{-39.83}  30 paths [6, 14, 18, 22] [8, 16, 19, 24] #elements: 262144 
Testing 7168/8192 [7, 8, 15, 16, 24] [0, 6, 8, 9, 10, 14, 15, 16, 22, 25, 26] Pr: 2^{-40.997}  29 paths [6, 14, 18, 22] [7, 8, 15, 16, 24] #elements: 262144 
Testing 8192/8192 [8, 16, 23, 24, 26] [0, 2, 6, 10, 14, 17, 22, 25, 26, 28, 31] Pr: 2^{-40.997}  29 paths [6, 14, 18, 22] [8, 16, 23, 24, 26] #elements: 262144 
Sorting 1136640 elements w.r.t. probability
Storing 8192 differences
1 [6, 10, 14, 22, 26] [2, 7, 11, 12, 15, 28] Pr: 2^{-45.796}  40 paths [8, 16, 24] [6, 10, 14, 22, 26]
2 [6, 10, 14, 22, 26] [7, 12, 15, 18, 23, 28] Pr: 2^{-45.796}  40 paths [8, 16, 24] [6, 10, 14, 22, 26]
3 [6, 10, 14, 22, 26] [2, 7, 12, 15, 18, 23, 28] Pr: 2^{-45.796}  40 paths [8, 16, 24] [6, 10, 14, 22, 26]
sqrt(Sum Pr^2): 2^{-40.336}
-------------------------------------
Round 7
-------------------------------------
Testing 1024/8192 [6, 10, 14, 17, 22, 26] [2, 7, 11, 12, 14, 18, 19, 25, 27, 28] Pr: 2^{-46.835}  53 paths [8, 16, 24] [6, 10, 14, 17, 22, 26] #elements: 262144 
Testing 2048/8192 [6, 10, 14, 22, 26] [12, 22, 23, 27, 28] Pr: 2^{-45.796}  40 paths [8, 16, 24] [6, 10, 14, 22, 26] #elements: 1024 
Testing 3072/8192 [6, 10, 14, 22, 25, 26] [7, 11, 12, 15, 18, 26, 27, 28] Pr: 2^{-47.719}  42 paths [8, 16, 24] [6, 10, 14, 22, 25, 26] #elements: 65536 
Testing 4096/8192 [6, 10, 14, 22, 25, 26] [12, 14, 18, 23, 28, 30] Pr: 2^{-47.719}  42 paths [8, 16, 24] [6, 10, 14, 22, 25, 26] #elements: 4096 
Testing 5120/8192 [6, 10, 14, 17, 22, 26] [11, 12, 14, 19, 27, 28] Pr: 2^{-46.835}  53 paths [8, 16, 24] [6, 10, 14, 17, 22, 26] #elements: 4096 
Testing 6144/8192 [6, 10, 14, 22, 25, 26] [1, 2, 12, 15, 18, 23, 26, 27, 28] Pr: 2^{-47.719}  42 paths [8, 16, 24] [6, 10, 14, 22, 25, 26] #elements: 262144 
Testing 7168/8192 [6, 10, 14, 22, 24, 26] [0, 2, 12, 14, 22, 26, 27, 28] Pr: 2^{-47.796}  40 paths [8, 16, 24, 30] [6, 10, 14, 22, 24, 26] #elements: 65536 
Testing 8192/8192 [6, 10, 14, 22, 24, 26] [12, 15, 23, 25, 26, 27, 28, 30] Pr: 2^{-47.796}  40 paths [8, 16, 24, 30] [6, 10, 14, 22, 24, 26] #elements: 65536 
Sorting 181863 elements w.r.t. probability
Storing 8192 differences
1 [12, 28] [4, 6, 10, 22, 26, 29, 30] Pr: 2^{-49.796}  40 paths [6, 10, 14, 22, 26] [12, 28]
2 [12, 28] [4, 6, 10, 13, 22, 26, 30] Pr: 2^{-49.796}  40 paths [6, 10, 14, 22, 26] [12, 28]
3 [12, 28] [6, 10, 13, 22, 26, 30] Pr: 2^{-49.796}  40 paths [6, 10, 14, 22, 26] [12, 28]
sqrt(Sum Pr^2): 2^{-46.492}
-------------------------------------
Round 6
-------------------------------------
Testing 1024/8192 [2, 12, 28] [6, 10, 13, 20, 22, 25, 26, 30] Pr: 2^{-53.719}  42 paths [6, 10, 14, 22, 25, 26] [2, 12, 28] #elements: 65536 
Testing 2048/8192 [11, 12, 28] [6, 10, 12, 20, 22, 25, 26, 30] Pr: 2^{-53.719}  42 paths [6, 10, 14, 22, 25, 26] [11, 12, 28] #elements: 65536 
Testing 3072/8192 [12, 15, 18, 28] [6, 10, 17, 22, 23, 26, 29, 30] Pr: 2^{-53.796}  40 paths [6, 10, 14, 22, 26] [12, 15, 18, 28] #elements: 65536 
Testing 4096/8192 [2, 12, 22, 28] [3, 6, 10, 22, 24, 26, 29] Pr: 2^{-53.796}  40 paths [6, 10, 14, 22, 26] [2, 12, 22, 28] #elements: 16384 
Testing 5120/8192 [2, 11, 12, 28] [3, 4, 6, 10, 13, 19, 22, 26, 29, 30] Pr: 2^{-53.796}  40 paths [6, 10, 14, 22, 26] [2, 11, 12, 28] #elements: 262144 
Testing 6144/8192 [2, 12, 15, 28] [3, 4, 6, 10, 17, 20, 22, 23, 26, 29, 30] Pr: 2^{-53.796}  40 paths [6, 10, 14, 22, 26] [2, 12, 15, 28] #elements: 262144 
Testing 7168/8192 [12, 15, 22, 28] [6, 10, 13, 16, 17, 22, 23, 24, 26, 29] Pr: 2^{-52.796}  41 paths [6, 10, 14, 22, 26] [12, 15, 22, 28] #elements: 262144 
Testing 8192/8192 [11, 12, 27, 28] [3, 6, 10, 12, 20, 22, 26, 28, 29, 30] Pr: 2^{-53.796}  40 paths [6, 10, 14, 22, 26] [11, 12, 27, 28] #elements: 262144 
Sorting 389252 elements w.r.t. probability
Storing 8192 differences
1 [6, 10, 22, 26, 30] [0, 2, 6, 7, 8, 11, 23, 24] Pr: 2^{-58.508}  49 paths [12, 28] [6, 10, 22, 26, 30]
2 [6, 10, 22, 26, 30] [0, 6, 7, 8, 11, 23, 24] Pr: 2^{-58.508}  49 paths [12, 28] [6, 10, 22, 26, 30]
3 [6, 10, 22, 26, 30] [0, 2, 8, 11, 23, 24] Pr: 2^{-58.508}  49 paths [12, 28] [6, 10, 22, 26, 30]
sqrt(Sum Pr^2): 2^{-52.923}
-------------------------------------
Round 5
-------------------------------------
Testing 1024/8192 [6, 10, 13, 22, 26, 30] [0, 7, 8, 11, 15, 24, 30, 31] Pr: 2^{-59.708}  51 paths [12, 28] [6, 10, 13, 22, 26, 30] #elements: 65536 
Testing 2048/8192 [6, 10, 22, 26, 30] [0, 2, 8, 11, 14, 18, 24, 27] Pr: 2^{-58.508}  49 paths [12, 28] [6, 10, 22, 26, 30] #elements: 65536 
Testing 3072/8192 [6, 13, 22, 26, 30] [0, 2, 8, 12, 15, 21, 23, 24, 27, 31] Pr: 2^{-60.211}  43 paths [2, 12, 28] [6, 13, 22, 26, 30] #elements: 262144 
Testing 4096/8192 [6, 10, 22, 26, 29, 30] [0, 6, 8, 11, 14, 23, 24, 31] Pr: 2^{-59.708}  51 paths [12, 28] [6, 10, 22, 26, 29, 30] #elements: 65536 
Testing 5120/8192 [6, 10, 13, 22, 26, 30] [0, 2, 6, 8, 14, 15, 18, 24] Pr: 2^{-59.708}  51 paths [12, 28] [6, 10, 13, 22, 26, 30] #elements: 65536 
Testing 6144/8192 [6, 10, 22, 29, 30] [0, 8, 14, 18, 24, 28, 30, 31] Pr: 2^{-60.211}  44 paths [11, 12, 18, 28] [6, 10, 22, 29, 30] #elements: 65536 
Testing 7168/8192 [6, 22, 26, 29, 30] [0, 2, 5, 8, 12, 14, 24, 27, 30] Pr: 2^{-60.211}  44 paths [2, 12, 27, 28] [6, 22, 26, 29, 30] #elements: 262144 
Testing 8192/8192 [6, 10, 13, 22, 30] [0, 6, 8, 11, 15, 18, 24, 28] Pr: 2^{-60.211}  43 paths [12, 18, 28] [6, 10, 13, 22, 30] #elements: 65536 
Sorting 1325312 elements w.r.t. probability
Storing 8192 differences
1 [0, 8, 24] [1, 2, 6, 8, 22, 30] Pr: 2^{-64.508}  49 paths [6, 10, 22, 26, 30] [0, 8, 24]
2 [0, 8, 24] [0, 1, 2, 6, 8, 22, 30] Pr: 2^{-64.508}  49 paths [6, 10, 22, 26, 30] [0, 8, 24]
3 [0, 8, 24] [2, 6, 8, 22, 30] Pr: 2^{-64.508}  49 paths [6, 10, 22, 26, 30] [0, 8, 24]
sqrt(Sum Pr^2): 2^{-60.136}
-------------------------------------
Round 4
-------------------------------------
Testing 1024/8192 [0, 8, 11, 24] [2, 6, 8, 9, 13, 22, 25, 30] Pr: 2^{-66.508}  49 paths [6, 10, 22, 26, 30] [0, 8, 11, 24] #elements: 65536 
Testing 2048/8192 [0, 7, 8, 18, 24] [0, 1, 2, 6, 19, 20, 22, 25, 30] Pr: 2^{-67.508}  50 paths [6, 10, 22, 26, 30] [0, 7, 8, 18, 24] #elements: 262144 
Testing 3072/8192 [0, 7, 8, 14, 24, 31] [1, 2, 6, 7, 9, 15, 16, 30] Pr: 2^{-67.508}  56 paths [6, 10, 22, 26, 30] [0, 7, 8, 14, 24, 31] #elements: 65536 
Testing 4096/8192 [0, 8, 23, 24] [2, 6, 8, 9, 16, 22, 30, 31] Pr: 2^{-66.508}  49 paths [6, 10, 22, 26, 30] [0, 8, 23, 24] #elements: 65536 
Testing 5120/8192 [0, 2, 8, 24] [0, 2, 4, 6, 9, 16, 22, 25, 30] Pr: 2^{-66.508}  49 paths [6, 10, 22, 26, 30] [0, 2, 8, 24] #elements: 262144 
Testing 6144/8192 [0, 7, 8, 11, 24] [0, 2, 6, 9, 13, 15, 19, 22, 30] Pr: 2^{-67.508}  50 paths [6, 10, 22, 26, 30] [0, 7, 8, 11, 24] #elements: 262144 
Testing 7168/8192 [0, 2, 8, 24, 31] [0, 2, 3, 4, 6, 9, 10, 16, 22, 25, 30] Pr: 2^{-67.508}  50 paths [6, 10, 22, 26, 30] [0, 2, 8, 24, 31] #elements: 262144 
Testing 8192/8192 [0, 2, 7, 8, 24] [1, 2, 3, 4, 6, 9, 10, 15, 16, 22, 30] Pr: 2^{-67.508}  50 paths [6, 10, 22, 26, 30] [0, 2, 7, 8, 24] #elements: 262144 
Sorting 192064 elements w.r.t. probability
Storing 8192 differences
1 [2, 6, 22, 30] [3, 4, 6, 7, 14, 30, 31] Pr: 2^{-70.464}  61 paths [0, 8, 24] [2, 6, 22, 30]
2 [2, 6, 22, 30] [4, 6, 7, 14, 30, 31] Pr: 2^{-70.464}  61 paths [0, 8, 24] [2, 6, 22, 30]
3 [2, 6, 22, 30] [3, 4, 7, 14, 30, 31] Pr: 2^{-70.464}  61 paths [0, 8, 24] [2, 6, 22, 30]
sqrt(Sum Pr^2): 2^{-65.631}
-------------------------------------
Round 3
-------------------------------------
Testing 1024/8192 [2, 6, 30] [4, 7, 14, 24] Pr: 2^{-70.923}  55 paths [0, 7, 8, 14, 24] [2, 6, 30] #elements: 256 
Testing 2048/8192 [2, 6, 15, 22, 30] [4, 10, 17, 23, 31] Pr: 2^{-72.923}  61 paths [0, 7, 8, 23, 24] [2, 6, 15, 22, 30] #elements: 1024 
Testing 3072/8192 [2, 6, 8, 22, 30] [3, 4, 7, 9, 16, 30, 31] Pr: 2^{-72.464}  61 paths [0, 8, 24] [2, 6, 8, 22, 30] #elements: 16384 
Testing 4096/8192 [1, 2, 6, 22, 30] [3, 4, 9, 10, 14, 23, 30] Pr: 2^{-72.464}  61 paths [0, 8, 24] [1, 2, 6, 22, 30] #elements: 16384 
Testing 5120/8192 [2, 6, 22, 25, 30] [1, 4, 6, 7, 23, 26, 27, 30] Pr: 2^{-72.554}  59 paths [0, 8, 24] [2, 6, 22, 25, 30] #elements: 65536 
Testing 6144/8192 [2, 6, 15, 22, 30] [3, 4, 10, 14, 16, 17] Pr: 2^{-72.923}  61 paths [0, 7, 8, 23, 24] [2, 6, 15, 22, 30] #elements: 4096 
Testing 7168/8192 [2, 6, 22, 25, 30] [1, 4, 7, 14, 23, 27, 30, 31] Pr: 2^{-72.554}  59 paths [0, 8, 24] [2, 6, 22, 25, 30] #elements: 65536 
Testing 8192/8192 [2, 6, 9, 16, 22, 30] [3, 4, 7, 10, 11, 18, 30, 31] Pr: 2^{-73.508}  60 paths [0, 8, 24] [2, 6, 9, 16, 22, 30] #elements: 65536 
Sorting 49143 elements w.r.t. probability
Storing 8192 differences
1 [4] [2, 12, 22, 30] Pr: 2^{-72.464}  61 paths [2, 6, 22, 30] [4]
2 [4] [2, 5, 12, 22, 30] Pr: 2^{-72.464}  61 paths [2, 6, 22, 30] [4]
3 [4] [2, 22, 30] Pr: 2^{-72.464}  61 paths [2, 6, 22, 30] [4]
sqrt(Sum Pr^2): 2^{-70.059}
-------------------------------------
Round 2
-------------------------------------
Testing 1024/8192 [4, 14, 23] [2, 12, 15, 16, 25, 30] Pr: 2^{-76.464}  61 paths [2, 6, 22, 30] [4, 14, 23] #elements: 4096 
Testing 2048/8192 [4, 6, 8] [2, 5, 6, 8, 9, 10, 14, 16, 22, 30] Pr: 2^{-77.923}  51 paths [2, 22, 30] [4, 6, 8] #elements: 262144 
Testing 3072/8192 [4, 11, 14] [2, 5, 9, 13, 16, 30] Pr: 2^{-76.464}  75 paths [2, 6, 9, 22, 30] [4, 11, 14] #elements: 4096 
Testing 4096/8192 [3, 4, 7, 30] [0, 2, 8, 9, 11, 15, 22, 30] Pr: 2^{-78.464}  61 paths [2, 6, 22, 30] [3, 4, 7, 30] #elements: 65536 
Testing 5120/8192 [4, 14, 23, 30] [0, 2, 6, 12, 16, 25, 30, 31] Pr: 2^{-77.464}  62 paths [2, 6, 22, 30] [4, 14, 23, 30] #elements: 65536 
Testing 6144/8192 [4, 14, 23, 30] [0, 2, 16, 24, 25, 30] Pr: 2^{-77.464}  62 paths [2, 6, 22, 30] [4, 14, 23, 30] #elements: 4096 
Testing 7168/8192 [4, 6, 10, 30] [0, 2, 6, 8, 11, 18, 22, 30] Pr: 2^{-78.464}  61 paths [2, 6, 22, 30] [4, 6, 10, 30] #elements: 65536 
Testing 8192/8192 [4, 7, 23, 31] [0, 1, 2, 7, 8, 9, 12, 22, 25, 30] Pr: 2^{-78.464}  61 paths [2, 6, 22, 30] [4, 7, 23, 31] #elements: 262144 
Sorting 4736 elements w.r.t. probability
Storing 4736 differences
1 [2, 22, 30] [0, 3, 10, 24, 30] Pr: 2^{-77.656}  66 paths [4] [2, 22, 30]
2 [2, 22, 30] [0, 10, 24, 30] Pr: 2^{-77.656}  66 paths [4] [2, 22, 30]
3 [2, 22, 30] [0, 6, 10, 24, 30] Pr: 2^{-77.656}  66 paths [4] [2, 22, 30]
sqrt(Sum Pr^2): 2^{-74.169}
-------------------------------------
Round 1
-------------------------------------
Testing 1024/4736 [2, 4, 22, 30] [0, 6, 10, 12, 23, 24] Pr: 2^{-81.879}  62 paths [3, 4] [2, 4, 22, 30] #elements: 4096 
Testing 2048/4736 [1, 2, 26, 30] [0, 2, 9, 10, 24, 28] Pr: 2^{-82.923}  57 paths [4, 24, 31] [1, 2, 26, 30] #elements: 4096 
Testing 3072/4736 [2, 25, 26, 30] [0, 1, 3, 24, 27, 28] Pr: 2^{-82.923}  55 paths [4, 24] [2, 25, 26, 30] #elements: 4096 
Testing 4096/4736 [2, 15, 16, 30] [0, 14, 16, 17, 18, 31] Pr: 2^{-82.464}  61 paths [4, 14] [2, 15, 16, 30] #elements: 4096 
Sorting 14704 elements w.r.t. probability
Storing 8192 differences
1 [0, 24] [0, 22, 26, 30] Pr: 2^{-81.464}  68 paths [2, 22, 30] [0, 24]
2 [0, 24] [1, 22, 26, 30] Pr: 2^{-81.464}  68 paths [2, 22, 30] [0, 24]
3 [0, 24] [22, 26, 30] Pr: 2^{-81.464}  68 paths [2, 22, 30] [0, 24]
sqrt(Sum Pr^2): 2^{-78.466}
