-------------------------------------
Round 1
-------------------------------------
1 [6] [] Pr: 2^{-0} [] [6]
sqrt(Sum Pr^2): 2^{0}
-------------------------------------
Round 2
-------------------------------------
1 [8] [6] Pr: 2^{-2} [6] []
2 [7, 8, 14] [6] Pr: 2^{-2} [6] []
3 [8, 14] [6] Pr: 2^{-2} [6] []
sqrt(Sum Pr^2): 2^{-1}
-------------------------------------
Round 3
-------------------------------------
1 [6, 9, 10] [8] Pr: 2^{-4} [8] [6]
2 [6, 10] [8] Pr: 2^{-4} [8] [6]
3 [6, 9, 10, 16] [8] Pr: 2^{-4} [8] [6]
sqrt(Sum Pr^2): 2^{-2.65}
-------------------------------------
Round 4
-------------------------------------
1 [7, 11, 12, 14, 18] [6, 10] Pr: 2^{-7.3}  4 paths [6, 10] [8]
2 [12, 14, 18] [6, 10] Pr: 2^{-7.3}  4 paths [6, 10] [8]
3 [7, 12] [6, 10] Pr: 2^{-7.3}  4 paths [6, 10] [8]
sqrt(Sum Pr^2): 2^{-4.899}
-------------------------------------
Round 5
-------------------------------------
Testing 1024/6096 [6, 11, 12, 23] [6, 10, 16, 22] Pr: 2^{-13.415}  2 paths [6, 10, 16, 22] [8, 14] #elements: 256 
Testing 2048/6096 [0, 12, 14, 16, 17, 23] [6, 9, 10, 15, 16] Pr: 2^{-14}  4 paths [6, 9, 10, 15, 16] [8, 14] #elements: 4096 
Testing 3072/6096 [0, 6, 11, 12, 14, 23] [6, 9, 10, 16, 22] Pr: 2^{-15}  2 paths [6, 9, 10, 16, 22] [8, 14] #elements: 4096 
Testing 4096/6096 [7, 9, 10, 11, 12, 14, 16, 17, 18, 23] [6, 8, 9, 10, 15] Pr: 2^{-15}  2 paths [6, 8, 9, 10, 15] [7, 8] #elements: 262144 
Testing 5120/6096 [7, 10, 11, 12, 14] [6, 9, 10, 16, 22] Pr: 2^{-15}  2 paths [6, 9, 10, 16, 22] [8, 14] #elements: 1024 
Sorting 6745 elements w.r.t. probability
Storing 6745 differences
1 [6, 10, 14] [12] Pr: 2^{-9.3}  4 paths [12] [6, 10]
2 [6, 10, 14, 20] [12] Pr: 2^{-9.3}  4 paths [12] [6, 10]
3 [6, 10, 13, 14, 20] [12] Pr: 2^{-9.3}  4 paths [12] [6, 10]
sqrt(Sum Pr^2): 2^{-7.462}
-------------------------------------
Round 6
-------------------------------------
Testing 1024/6745 [2, 6, 10, 12, 13, 14, 15, 16, 20] [11, 12, 14, 18] Pr: 2^{-14.3}  5 paths [11, 12, 14, 18] [6, 10] #elements: 262144 
Testing 2048/6745 [2, 6, 9, 10, 12, 13, 14, 16, 19] [7, 11, 12, 14, 18] Pr: 2^{-15.3}  7 paths [7, 11, 12, 14, 18] [6, 10] #elements: 262144 
Testing 3072/6745 [1, 2, 6, 10, 14, 16] [12, 17, 18] Pr: 2^{-15.3}  5 paths [12, 17, 18] [6, 10, 16] #elements: 4096 
Testing 4096/6745 [6, 8, 10, 11, 12, 13, 14, 15, 16, 20] [7, 10, 12] Pr: 2^{-16.3}  8 paths [7, 10, 12] [6, 9, 10, 16] #elements: 262144 
Testing 5120/6745 [6, 8, 10, 14, 15, 18] [7, 10, 11, 12] Pr: 2^{-17.3}  4 paths [7, 10, 11, 12] [6, 9, 10] #elements: 4096 
Testing 6144/6745 [2, 6, 8, 10, 11, 12, 13, 14, 16, 19, 20] [7, 10, 11, 12, 14, 18] Pr: 2^{-20.3}  5 paths [7, 10, 11, 12, 14, 18] [6, 9, 10] #elements: 262144 
Sorting 17088 elements w.r.t. probability
Storing 17088 differences
1 [8, 11, 14, 16] [6, 10, 14] Pr: 2^{-14.42}  14 paths [6, 10, 14] [12]
2 [7, 8, 11, 14, 16, 18] [6, 10, 14] Pr: 2^{-14.42}  14 paths [6, 10, 14] [12]
3 [8, 11, 14, 15, 16, 18, 22] [6, 10, 14] Pr: 2^{-14.42}  14 paths [6, 10, 14] [12]
sqrt(Sum Pr^2): 2^{-10.877}
-------------------------------------
Round 7
-------------------------------------
Testing 1024/17088 [8, 10, 15, 16, 18, 22] [6, 9, 10, 14] Pr: 2^{-17.599}  8 paths [6, 9, 10, 14] [12] #elements: 4096 
Testing 2048/17088 [8, 11, 14, 15, 16, 18, 20, 22] [6, 10, 13, 14, 19] Pr: 2^{-18.978}  9 paths [6, 10, 13, 14, 19] [11, 12] #elements: 65536 
Testing 3072/17088 [8, 10, 15, 16, 17, 21, 22] [6, 9, 10, 13, 14] Pr: 2^{-19.3}  7 paths [6, 9, 10, 13, 14] [12] #elements: 16384 
Testing 4096/17088 [7, 8, 13, 14, 15, 16, 18, 20, 21] [6, 10, 12, 14, 19] Pr: 2^{-19.715}  7 paths [6, 10, 12, 14, 19] [11, 12] #elements: 262144 
Testing 5120/17088 [8, 11, 13, 15, 16, 18, 21] [6, 10, 12, 13, 14] Pr: 2^{-19.715}  7 paths [6, 10, 12, 13, 14] [11, 12] #elements: 16384 
Testing 6144/17088 [3, 4, 8, 11, 14, 15, 16, 18, 20, 21, 22] [6, 10, 14, 19, 20] Pr: 2^{-19.978}  6 paths [6, 10, 14, 19, 20] [12, 18] #elements: 262144 
Testing 7168/17088 [4, 8, 10, 11, 14, 16, 17, 18, 21, 22] [6, 9, 10, 14, 20] Pr: 2^{-20.3}  5 paths [6, 9, 10, 14, 20] [12] #elements: 262144 
Testing 8192/17088 [8, 11, 14, 16, 18] [6, 10, 14, 16, 20] Pr: 2^{-20.3}  5 paths [6, 10, 14, 16, 20] [12, 14] #elements: 1024 
Testing 9216/17088 [8, 10, 11, 14, 16] [2, 6, 10, 14, 20] Pr: 2^{-20.715}  5 paths [2, 6, 10, 14, 20] [12, 18] #elements: 1024 
Testing 10240/17088 [8, 16, 18, 21] [2, 6, 10, 14, 20] Pr: 2^{-20.715}  5 paths [2, 6, 10, 14, 20] [12, 18] #elements: 256 
Testing 11264/17088 [7, 8, 10, 11, 14, 16, 18] [6, 8, 10, 14] Pr: 2^{-21.167}  5 paths [6, 8, 10, 14] [7, 12] #elements: 16384 
Testing 12288/17088 [7, 8, 22] [6, 9, 10, 14, 15] Pr: 2^{-21.3}  4 paths [6, 9, 10, 14, 15] [7, 12] #elements: 64 
Testing 13312/17088 [7, 8, 9, 10, 11, 17, 18, 22] [6, 8, 9, 10, 14] Pr: 2^{-21.3}  4 paths [6, 8, 9, 10, 14] [7, 12] #elements: 65536 
Testing 14336/17088 [0, 7, 8, 11, 15, 16, 17, 18, 22, 23] [6, 10, 14, 16, 22] Pr: 2^{-21.3}  4 paths [6, 10, 14, 16, 22] [12, 14] #elements: 262144 
Testing 15360/17088 [3, 4, 7, 8, 10, 14, 15, 16, 18, 20, 22] [2, 6, 10, 12, 14] Pr: 2^{-22.3}  5 paths [2, 6, 10, 12, 14] [11, 12, 18] #elements: 262144 
Sorting 31780 elements w.r.t. probability
Storing 31780 differences
1 [0, 6, 14, 18] [8, 16] Pr: 2^{-18.102}  17 paths [8, 16] [6, 10, 14]
2 [6, 14, 16, 17, 18] [8, 16] Pr: 2^{-18.102}  17 paths [8, 16] [6, 10, 14]
3 [6, 9, 14, 16, 17, 18] [8, 16] Pr: 2^{-18.102}  17 paths [8, 16] [6, 10, 14]
sqrt(Sum Pr^2): 2^{-14.881}
-------------------------------------
Round 8
-------------------------------------
Testing 1024/31780 [6, 13, 14, 17, 18, 23] [8, 11, 15, 16] Pr: 2^{-21.42}  15 paths [8, 11, 15, 16] [6, 10, 14] #elements: 4096 
Testing 2048/31780 [9, 13, 14, 17, 18] [8, 11, 15, 16, 22] Pr: 2^{-22.42}  17 paths [8, 11, 15, 16, 22] [6, 10, 14] #elements: 1024 
Testing 3072/31780 [0, 6, 8, 13, 14, 16, 18, 19] [7, 8, 11, 16] Pr: 2^{-22.42}  14 paths [7, 8, 11, 16] [6, 10, 14] #elements: 65536 
Testing 4096/31780 [2, 6, 9, 13, 14, 18, 19, 20, 23] [8, 11, 15, 16, 18] Pr: 2^{-22.42}  17 paths [8, 11, 15, 16, 18] [6, 10, 14] #elements: 262144 
Testing 5120/31780 [5, 9, 14, 16, 18, 20] [4, 8, 16] Pr: 2^{-22.482}  9 paths [4, 8, 16] [6, 10, 14, 20] #elements: 4096 
Testing 6144/31780 [6, 14, 17, 18, 19, 20] [8, 11, 16, 18] Pr: 2^{-22.482}  16 paths [8, 11, 16, 18] [6, 10, 13, 14] #elements: 4096 
Testing 7168/31780 [6, 12, 13, 14, 16, 18, 22] [8, 11, 14, 15, 16] Pr: 2^{-23.42}  15 paths [8, 11, 14, 15, 16] [6, 10, 14] #elements: 16384 
Testing 8192/31780 [0, 2, 6, 9, 12, 13, 14, 15, 16, 17, 18, 20, 22] [8, 11, 14, 16, 18] Pr: 2^{-23.42}  15 paths [8, 11, 14, 16, 18] [6, 10, 14] #elements: 262144 
Testing 9216/31780 [0, 2, 6, 9, 14, 15, 16, 18, 20, 23] [7, 8, 15, 16, 18] Pr: 2^{-23.42}  15 paths [7, 8, 15, 16, 18] [6, 10, 14] #elements: 262144 
Testing 10240/31780 [0, 6, 8, 9, 13, 14, 15, 16, 18, 19, 23] [7, 8, 11, 15, 16] Pr: 2^{-23.42}  15 paths [7, 8, 11, 15, 16] [6, 10, 14] #elements: 262144 
Testing 11264/31780 [2, 6, 9, 13, 14, 15, 18, 19, 20, 22] [8, 11, 14, 16, 18] Pr: 2^{-23.42}  15 paths [8, 11, 14, 16, 18] [6, 10, 14] #elements: 262144 
Testing 12288/31780 [6, 8, 14, 16, 17, 18, 20, 23] [7, 8, 15, 16] Pr: 2^{-23.482}  10 paths [7, 8, 15, 16] [6, 10, 14, 20] #elements: 65536 
Testing 13312/31780 [5, 6, 9, 13, 14, 18, 23] [7, 8, 14, 16, 21] Pr: 2^{-23.482}  18 paths [7, 8, 14, 16, 21] [6, 10, 13, 14] #elements: 16384 
Testing 14336/31780 [2, 6, 9, 13, 14, 15, 17, 18, 20] [8, 14, 16, 18] Pr: 2^{-23.482}  15 paths [8, 14, 16, 18] [6, 10, 13, 14] #elements: 262144 
Testing 15360/31780 [2, 6, 8, 13, 14, 15, 16, 18, 20] [7, 8, 16, 18] Pr: 2^{-23.482}  15 paths [7, 8, 16, 18] [6, 10, 13, 14] #elements: 262144 
Testing 16384/31780 [0, 6, 12, 14, 18, 19, 22] [8, 11, 14, 16] Pr: 2^{-23.482}  15 paths [8, 11, 14, 16] [6, 10, 13, 14] #elements: 16384 
Testing 17408/31780 [0, 9, 13, 14, 15, 17, 18, 22] [8, 14, 15, 16, 22] Pr: 2^{-23.482}  18 paths [8, 14, 15, 16, 22] [6, 10, 13, 14] #elements: 65536 
Testing 18432/31780 [5, 6, 13, 14, 15, 17, 18, 20, 22, 23] [8, 14, 16, 21] Pr: 2^{-23.599}  20 paths [8, 14, 16, 21] [6, 10, 13, 14, 20] #elements: 262144 
Testing 19456/31780 [0, 6, 13, 14, 18, 19] [8, 15, 16, 18] Pr: 2^{-23.599}  20 paths [8, 15, 16, 18] [6, 10, 13, 14, 20] #elements: 4096 
Testing 20480/31780 [6, 9, 12, 13, 14, 15, 17, 18] [8, 11, 14, 15, 16, 22] Pr: 2^{-24.42}  17 paths [8, 11, 14, 15, 16, 22] [6, 10, 14] #elements: 65536 
Testing 21504/31780 [9, 13, 14, 15, 16, 18, 19, 23] [8, 11, 14, 16, 22] Pr: 2^{-24.42}  14 paths [8, 11, 14, 16, 22] [6, 10, 14] #elements: 65536 
Testing 22528/31780 [0, 14, 15, 16, 17, 18, 19, 20, 22] [8, 14, 16, 18, 22] Pr: 2^{-24.42}  14 paths [8, 14, 16, 18, 22] [6, 10, 14] #elements: 262144 
Testing 23552/31780 [0, 13, 14, 16, 17, 18, 23] [8, 11, 14, 16, 22] Pr: 2^{-24.42}  14 paths [8, 11, 14, 16, 22] [6, 10, 14] #elements: 16384 
Testing 24576/31780 [9, 13, 14, 16, 18, 19, 23] [8, 11, 14, 16, 22] Pr: 2^{-24.42}  14 paths [8, 11, 14, 16, 22] [6, 10, 14] #elements: 16384 
Testing 25600/31780 [6, 14, 16, 17, 18, 22, 23] [8, 16, 18, 21] Pr: 2^{-24.482}  9 paths [8, 16, 18, 21] [6, 10, 14, 20] #elements: 16384 
Testing 26624/31780 [5, 12, 14, 17, 18, 19] [4, 8, 16, 18] Pr: 2^{-24.482}  9 paths [4, 8, 16, 18] [6, 10, 14, 20] #elements: 4096 
Testing 27648/31780 [0, 5, 12, 14, 15, 16, 18, 20] [4, 7, 8, 16] Pr: 2^{-24.482}  9 paths [4, 7, 8, 16] [6, 10, 14, 20] #elements: 65536 
Testing 28672/31780 [8, 9, 14, 15, 17, 18, 20, 23] [7, 8, 16, 22] Pr: 2^{-24.482}  9 paths [7, 8, 16, 22] [6, 10, 14, 20] #elements: 65536 
Testing 29696/31780 [6, 9, 14, 15, 17, 18, 20, 22] [8, 11, 14, 16, 18] Pr: 2^{-24.482}  16 paths [8, 11, 14, 16, 18] [6, 10, 13, 14] #elements: 65536 
Sorting 22464 elements w.r.t. probability
Storing 22464 differences
1 [2, 7, 15, 20] [6, 14, 18] Pr: 2^{-22.512}  28 paths [6, 14, 18] [8, 15, 16]
2 [2, 14, 20, 22] [6, 14, 18] Pr: 2^{-22.512}  28 paths [6, 14, 18] [8, 15, 16]
3 [2, 15, 19, 20, 22] [6, 14, 18] Pr: 2^{-22.512}  28 paths [6, 14, 18] [8, 15, 16]
sqrt(Sum Pr^2): 2^{-18.803}
-------------------------------------
Round 9
-------------------------------------
Testing 1024/22464 [0, 1, 7, 20] [6, 14, 18, 23] Pr: 2^{-24.854}  22 paths [6, 14, 18, 23] [8, 16, 22] #elements: 256 
Testing 2048/22464 [0, 2, 10, 11, 14, 15, 18, 20, 22] [6, 9, 14, 16, 18] Pr: 2^{-25.818}  25 paths [6, 9, 14, 16, 18] [8, 16] #elements: 262144 
Testing 3072/22464 [15, 20, 22] [0, 14, 17, 18] Pr: 2^{-26.188}  18 paths [0, 14, 17, 18] [8, 16, 22] #elements: 64 
Testing 4096/22464 [0, 1, 2, 14, 15, 17, 18, 19, 20, 22] [0, 6, 14, 16, 18] Pr: 2^{-27.112}  19 paths [0, 6, 14, 16, 18] [8, 16, 22] #elements: 262144 
Testing 5120/22464 [2, 7, 14, 17, 18, 20, 22] [0, 6, 14, 16, 18] Pr: 2^{-27.112}  19 paths [0, 6, 14, 16, 18] [8, 16, 22] #elements: 16384 
Testing 6144/22464 [1, 7, 8, 18, 20] [0, 6, 14, 16, 18] Pr: 2^{-27.112}  19 paths [0, 6, 14, 16, 18] [8, 16, 22] #elements: 1024 
Testing 7168/22464 [1, 2, 7, 8, 11, 14, 20, 22] [0, 6, 9, 14, 18] Pr: 2^{-27.112}  20 paths [0, 6, 9, 14, 18] [8, 16] #elements: 65536 
Testing 8192/22464 [0, 1, 2, 7, 8, 19, 20] [0, 14, 18, 23] Pr: 2^{-27.188}  17 paths [0, 14, 18, 23] [8, 16, 22] #elements: 16384 
Testing 9216/22464 [2, 8, 10, 11, 18, 20, 22] [9, 14, 17, 18] Pr: 2^{-27.188}  17 paths [9, 14, 17, 18] [8, 16, 22] #elements: 16384 
Testing 10240/22464 [7, 8, 9, 10, 16, 19, 20] [8, 14, 18] Pr: 2^{-27.42}  15 paths [8, 14, 18] [7, 8, 16, 22] #elements: 16384 
Testing 11264/22464 [1, 2, 11, 15, 19, 20] [6, 9, 14, 18, 23] Pr: 2^{-27.537}  19 paths [6, 9, 14, 18, 23] [8, 16, 22] #elements: 4096 
Testing 12288/22464 [1, 2, 8, 15, 19, 20, 22] [0, 6, 14, 18, 23] Pr: 2^{-27.537}  20 paths [0, 6, 14, 18, 23] [8, 15, 16] #elements: 16384 
Testing 13312/22464 [2, 10, 14, 20] [6, 8, 14, 18] Pr: 2^{-28.122}  16 paths [6, 8, 14, 18] [7, 8, 16] #elements: 256 
Testing 14336/22464 [0, 7, 8, 14, 17, 18, 19, 20] [0, 6, 14, 16, 17, 18] Pr: 2^{-28.303}  21 paths [0, 6, 14, 16, 17, 18] [8, 16, 22] #elements: 65536 
Testing 15360/22464 [1, 7, 8, 18, 19, 20, 22] [0, 6, 14, 16, 17, 18] Pr: 2^{-28.303}  21 paths [0, 6, 14, 16, 17, 18] [8, 16, 22] #elements: 16384 
Testing 16384/22464 [7, 15, 18, 19, 20, 21, 22] [6, 13, 14, 16, 18] Pr: 2^{-28.383}  17 paths [6, 13, 14, 16, 18] [8, 16] #elements: 16384 
Testing 17408/22464 [2, 7, 15, 18, 19, 20, 22] [6, 14, 18] Pr: 2^{-28.482}  9 paths [6, 14, 18] [8, 16, 18] #elements: 16384 
Testing 18432/22464 [0, 2, 7, 10, 11, 15, 17, 18, 19, 20, 22] [6, 9, 14, 16, 17, 18] Pr: 2^{-28.524}  20 paths [6, 9, 14, 16, 17, 18] [8, 16] #elements: 262144 
Testing 19456/22464 [0, 7, 11, 14, 15, 17, 18, 20, 22] [0, 6, 9, 14, 16, 18] Pr: 2^{-28.524}  20 paths [0, 6, 9, 14, 16, 18] [8, 16] #elements: 262144 
Testing 20480/22464 [0, 2, 8, 10, 11, 15, 17, 18, 19, 20] [0, 6, 9, 14, 16, 18] Pr: 2^{-28.524}  20 paths [0, 6, 9, 14, 16, 18] [8, 16] #elements: 262144 
Sorting 22108 elements w.r.t. probability
Storing 22108 differences
1 [6, 14, 18, 21, 22] [20] Pr: 2^{-24.512}  28 paths [20] [6, 14, 18]
2 [4, 6, 14, 18, 21, 22] [20] Pr: 2^{-24.512}  28 paths [20] [6, 14, 18]
3 [6, 14, 18, 22] [20] Pr: 2^{-24.512}  28 paths [20] [6, 14, 18]
sqrt(Sum Pr^2): 2^{-22.273}
-------------------------------------
Round 10
-------------------------------------
Testing 1024/22108 [3, 6, 10, 14, 16, 17, 18, 21, 22, 23] [2, 15, 20] Pr: 2^{-28.512}  28 paths [2, 15, 20] [6, 14, 18] #elements: 262144 
Testing 2048/22108 [0, 3, 10, 14, 18, 21, 22] [2, 19, 20, 22] Pr: 2^{-29.512}  29 paths [2, 19, 20, 22] [6, 14, 18] #elements: 16384 
Testing 3072/22108 [3, 4, 6, 10, 14, 17, 18, 21, 22] [2, 15, 19, 20] Pr: 2^{-29.512}  29 paths [2, 15, 19, 20] [6, 14, 18] #elements: 262144 
Testing 4096/22108 [3, 9, 10, 14, 16, 17, 18, 22] [2, 8, 15, 20] Pr: 2^{-30.188}  18 paths [2, 8, 15, 20] [14, 18] #elements: 65536 
Testing 5120/22108 [4, 6, 9, 10, 14, 15, 16, 18, 20, 22] [2, 7, 14, 19, 20] Pr: 2^{-30.512}  31 paths [2, 7, 14, 19, 20] [6, 14, 18] #elements: 262144 
Testing 6144/22108 [3, 4, 6, 10, 14, 17, 18, 21, 22] [2, 14, 15, 20] Pr: 2^{-30.512}  28 paths [2, 14, 15, 20] [6, 14, 18] #elements: 262144 
Testing 7168/22108 [3, 4, 6, 14, 17, 18, 20, 21, 22] [14, 15, 19, 20] Pr: 2^{-30.512}  28 paths [14, 15, 19, 20] [6, 14, 18] #elements: 262144 
Testing 8192/22108 [6, 14, 15, 16, 18, 21, 22] [14, 20, 22] Pr: 2^{-30.691}  22 paths [14, 20, 22] [0, 6, 14, 18] #elements: 16384 
Testing 9216/22108 [4, 6, 14, 15, 16, 17, 18, 20, 21, 22] [14, 19, 20] Pr: 2^{-30.691}  22 paths [14, 19, 20] [6, 14, 17, 18] #elements: 262144 
Testing 10240/22108 [6, 9, 13, 14, 15, 16, 18, 21, 22] [11, 14, 20] Pr: 2^{-30.704}  21 paths [11, 14, 20] [6, 9, 14, 18] #elements: 262144 
Testing 11264/22108 [3, 6, 9, 14, 15, 16, 18, 21, 22, 23] [1, 14, 20] Pr: 2^{-30.854}  22 paths [1, 14, 20] [6, 14, 18, 23] #elements: 262144 
Testing 12288/22108 [0, 6, 14, 16, 18, 19, 20, 21, 22] [18, 20] Pr: 2^{-31.112}  19 paths [18, 20] [0, 6, 14, 16, 18] #elements: 262144 
Testing 13312/22108 [0, 9, 14, 18, 21, 22, 23] [2, 8, 20, 22] Pr: 2^{-31.188}  17 paths [2, 8, 20, 22] [14, 18] #elements: 16384 
Testing 14336/22108 [0, 3, 10, 14, 15, 16, 18, 21, 23] [2, 14, 19, 20, 22] Pr: 2^{-31.512}  29 paths [2, 14, 19, 20, 22] [6, 14, 18] #elements: 262144 
Testing 15360/22108 [6, 8, 9, 14, 15, 16, 17, 18] [2, 7, 14, 15, 20] Pr: 2^{-31.512}  29 paths [2, 7, 14, 15, 20] [6, 14, 18] #elements: 65536 
Testing 16384/22108 [0, 4, 6, 14, 16, 18, 20, 21, 22, 23] [2, 14, 19, 20, 22] Pr: 2^{-31.512}  29 paths [2, 14, 19, 20, 22] [6, 14, 18] #elements: 262144 
Testing 17408/22108 [3, 4, 6, 14, 15, 17, 18, 22] [2, 14, 15, 19, 20] Pr: 2^{-31.512}  29 paths [2, 14, 15, 19, 20] [6, 14, 18] #elements: 65536 
Testing 18432/22108 [0, 2, 3, 4, 6, 9, 14, 18, 22, 23] [1, 20] Pr: 2^{-31.537}  20 paths [1, 20] [0, 6, 14, 18, 23] #elements: 262144 
Testing 19456/22108 [0, 6, 14, 15, 16, 17, 18, 20, 21] [14, 18, 20] Pr: 2^{-31.818}  25 paths [14, 18, 20] [0, 6, 14, 17, 18] #elements: 262144 
Testing 20480/22108 [0, 3, 9, 10, 14, 16, 18, 20, 22] [2, 8, 19, 20, 22] Pr: 2^{-32.188}  18 paths [2, 8, 19, 20, 22] [14, 18] #elements: 262144 
Sorting 30528 elements w.r.t. probability
Storing 30528 differences
1 [0, 6, 8, 15, 16, 22] [6, 14, 18, 22] Pr: 2^{-31.65}  33 paths [6, 14, 18, 22] [20]
2 [0, 6, 8, 16, 19, 22] [6, 14, 18, 22] Pr: 2^{-31.65}  33 paths [6, 14, 18, 22] [20]
3 [0, 6, 7, 8, 14, 15, 16] [6, 14, 18, 22] Pr: 2^{-31.65}  33 paths [6, 14, 18, 22] [20]
sqrt(Sum Pr^2): 2^{-27.023}
-------------------------------------
Round 11
-------------------------------------
Testing 1024/30528 [0, 2, 5, 8, 12, 14, 15, 16, 19, 23] [4, 6, 14, 18, 21, 22] Pr: 2^{-33.709}  47 paths [4, 6, 14, 18, 21, 22] [20] #elements: 262144 
Testing 2048/30528 [0, 5, 6, 8, 12, 14, 16, 23] [4, 6, 14, 18, 21, 22] Pr: 2^{-33.709}  47 paths [4, 6, 14, 18, 21, 22] [20] #elements: 65536 
Testing 3072/30528 [0, 2, 8, 15, 16] [4, 6, 14, 18, 21, 22] Pr: 2^{-33.709}  47 paths [4, 6, 14, 18, 21, 22] [20] #elements: 1024 
Testing 4096/30528 [0, 2, 5, 8, 16, 19, 22, 23] [0, 14, 18, 21, 22] Pr: 2^{-34.811}  20 paths [0, 14, 18, 21, 22] [20] #elements: 65536 
Testing 5120/30528 [0, 4, 5, 8, 14, 15, 16, 22] [3, 6, 14, 18, 22] Pr: 2^{-35.171}  31 paths [3, 6, 14, 18, 22] [19, 20] #elements: 65536 
Testing 6144/30528 [0, 2, 15, 16, 19, 22, 23] [0, 6, 14, 18, 22] Pr: 2^{-35.599}  29 paths [0, 6, 14, 18, 22] [20, 22] #elements: 16384 
Testing 7168/30528 [0, 2, 6, 7, 14, 15, 16, 22, 23] [0, 6, 14, 18, 22] Pr: 2^{-35.599}  29 paths [0, 6, 14, 18, 22] [20, 22] #elements: 262144 
Testing 8192/30528 [0, 15, 16, 18, 19, 22] [0, 14, 17, 18, 22] Pr: 2^{-35.811}  21 paths [0, 14, 17, 18, 22] [20] #elements: 4096 
Testing 9216/30528 [0, 1, 6, 8, 12, 15, 16] [0, 4, 14, 18, 22] Pr: 2^{-35.811}  18 paths [0, 4, 14, 18, 22] [20] #elements: 16384 
Testing 10240/30528 [0, 1, 6, 12, 16, 19, 22, 23] [0, 4, 14, 18, 22] Pr: 2^{-35.811}  18 paths [0, 4, 14, 18, 22] [20] #elements: 65536 
Testing 11264/30528 [0, 4, 6, 7, 8, 14, 16, 19, 22] [6, 14, 18, 20, 22] Pr: 2^{-35.895}  30 paths [6, 14, 18, 20, 22] [19, 20] #elements: 262144 
Testing 12288/30528 [0, 2, 7, 8, 12, 14, 16, 19, 23] [6, 10, 14, 18, 22] Pr: 2^{-35.927}  29 paths [6, 10, 14, 18, 22] [2, 20] #elements: 262144 
Testing 13312/30528 [0, 4, 5, 6, 7, 8, 14, 16, 23] [3, 6, 14, 18, 21, 22] Pr: 2^{-36.171}  34 paths [3, 6, 14, 18, 21, 22] [19, 20] #elements: 262144 
Testing 14336/30528 [0, 2, 4, 5, 6, 7, 8, 11, 14, 15, 16, 19, 23] [3, 6, 14, 18, 21, 22] Pr: 2^{-36.171}  34 paths [3, 6, 14, 18, 21, 22] [19, 20] #elements: 262144 
Testing 15360/30528 [0, 5, 6, 8, 12, 15, 16, 19, 22] [10, 14, 18, 21, 22] Pr: 2^{-36.188}  18 paths [10, 14, 18, 21, 22] [8, 20] #elements: 262144 
Testing 16384/30528 [0, 2, 5, 6, 7, 8, 12, 16, 18, 22, 23] [4, 6, 14, 16, 18, 21] Pr: 2^{-36.512}  31 paths [4, 6, 14, 16, 18, 21] [14, 20] #elements: 262144 
Testing 17408/30528 [0, 2, 8, 11, 14, 16, 17, 22, 23] [6, 9, 14, 18, 22] Pr: 2^{-36.512}  28 paths [6, 9, 14, 18, 22] [7, 20] #elements: 262144 
Testing 18432/30528 [0, 2, 6, 7, 8, 14, 15, 16, 17, 18, 19, 22, 23] [4, 6, 14, 16, 18, 21] Pr: 2^{-36.512}  31 paths [4, 6, 14, 16, 18, 21] [14, 20] #elements: 262144 
Testing 19456/30528 [14, 15, 16, 18] [0, 14, 17, 18] Pr: 2^{-36.512}  30 paths [0, 14, 17, 18] [14, 15, 20, 22] #elements: 256 
Testing 20480/30528 [0, 7, 8, 15, 16, 17, 18, 19, 22] [6, 14, 16, 18, 22] Pr: 2^{-36.512}  28 paths [6, 14, 16, 18, 22] [14, 20] #elements: 262144 
Testing 21504/30528 [0, 2, 7, 8, 14, 16, 18, 19, 22, 23] [6, 14, 16, 18, 22] Pr: 2^{-36.512}  28 paths [6, 14, 16, 18, 22] [14, 20] #elements: 262144 
Testing 22528/30528 [0, 5, 7, 8, 14, 16, 18, 22] [6, 14, 17, 18, 21, 22] Pr: 2^{-36.599}  25 paths [6, 14, 17, 18, 21, 22] [20] #elements: 65536 
Testing 23552/30528 [0, 5, 6, 8, 16] [6, 14, 17, 18, 21, 22] Pr: 2^{-36.599}  25 paths [6, 14, 17, 18, 21, 22] [20] #elements: 1024 
Testing 24576/30528 [0, 1, 5, 6, 14, 15, 16, 23] [0, 6, 14, 18, 21, 22] Pr: 2^{-36.599}  31 paths [0, 6, 14, 18, 21, 22] [20, 22] #elements: 65536 
Testing 25600/30528 [0, 1, 2, 8, 16, 19, 22, 23] [0, 6, 14, 18, 21, 22] Pr: 2^{-36.599}  31 paths [0, 6, 14, 18, 21, 22] [20, 22] #elements: 65536 
Testing 26624/30528 [1, 2, 5, 7, 15, 16, 19, 22] [14, 18, 21, 22, 23] Pr: 2^{-36.673}  26 paths [14, 18, 21, 22, 23] [20, 22] #elements: 65536 
Testing 27648/30528 [0, 2, 5, 6, 7, 8, 15, 16, 19, 21] [6, 14, 18, 20, 21, 22] Pr: 2^{-36.895}  32 paths [6, 14, 18, 20, 21, 22] [19, 20] #elements: 262144 
Sorting 31176 elements w.r.t. probability
Storing 31176 differences
1 [0, 1, 2, 14, 22] [0, 16] Pr: 2^{-36.029}  29 paths [0, 16] [14, 18, 22]
2 [2, 14, 17, 22] [0, 16] Pr: 2^{-36.029}  29 paths [0, 16] [14, 18, 22]
3 [0, 2, 8, 14, 17, 22] [0, 16] Pr: 2^{-36.029}  29 paths [0, 16] [14, 18, 22]
sqrt(Sum Pr^2): 2^{-32.455}
-------------------------------------
Round 12
-------------------------------------
Testing 1024/31176 [2, 3, 14, 20, 21, 22] [0, 16, 19, 23] Pr: 2^{-39.138}  29 paths [0, 16, 19, 23] [14, 18, 22] #elements: 4096 
Testing 2048/31176 [0, 2, 6, 9, 10, 14, 22, 23] [0, 8, 16, 22] Pr: 2^{-39.232}  34 paths [0, 8, 16, 22] [6, 14, 18, 22] #elements: 65536 
Testing 3072/31176 [2, 6, 8, 9, 10, 14, 17, 22, 23] [0, 8, 15, 16, 23] Pr: 2^{-39.65}  36 paths [0, 8, 15, 16, 23] [6, 14, 18, 22] #elements: 262144 
Testing 4096/31176 [0, 2, 6, 9, 10, 14, 16, 17, 22] [0, 6, 8, 16, 23] Pr: 2^{-39.65}  36 paths [0, 6, 8, 16, 23] [6, 14, 18, 22] #elements: 262144 
Testing 5120/31176 [2, 7, 17, 21, 22] [0, 6, 16, 23] Pr: 2^{-39.741}  30 paths [0, 6, 16, 23] [14, 18, 21, 22] #elements: 1024 
Testing 6144/31176 [0, 2, 17, 22, 23] [0, 6, 15, 16] Pr: 2^{-40.138}  28 paths [0, 6, 15, 16] [14, 18, 22] #elements: 1024 
Testing 7168/31176 [2, 8, 14, 17, 22, 23] [0, 15, 16, 22, 23] Pr: 2^{-40.138}  34 paths [0, 15, 16, 22, 23] [14, 18, 22] #elements: 4096 
Testing 8192/31176 [2, 6, 7, 10, 15, 17, 22] [0, 6, 7, 8, 16, 23] Pr: 2^{-40.65}  40 paths [0, 6, 7, 8, 16, 23] [6, 14, 18, 22] #elements: 16384 
Testing 9216/31176 [2, 6, 7, 8, 10, 14, 22] [0, 8, 15, 16, 22, 23] Pr: 2^{-40.65}  40 paths [0, 8, 15, 16, 22, 23] [6, 14, 18, 22] #elements: 16384 
Testing 10240/31176 [2, 6, 8, 10, 14, 15, 22] [0, 7, 8, 15, 16, 23] Pr: 2^{-40.65}  40 paths [0, 7, 8, 15, 16, 23] [6, 14, 18, 22] #elements: 16384 
Testing 11264/31176 [0, 2, 6, 8, 9, 10, 15, 17, 22] [0, 6, 7, 8, 16, 23] Pr: 2^{-40.65}  40 paths [0, 6, 7, 8, 16, 23] [6, 14, 18, 22] #elements: 262144 
Testing 12288/31176 [1, 2, 3, 4, 6, 9, 10, 14, 17, 21, 22] [0, 2, 8, 16, 19] Pr: 2^{-40.65}  34 paths [0, 2, 8, 16, 19] [6, 14, 18, 22] #elements: 262144 
Testing 13312/31176 [2, 3, 4, 6, 8, 10, 14, 17, 22] [0, 2, 7, 8, 16] Pr: 2^{-40.65}  34 paths [0, 2, 7, 8, 16] [6, 14, 18, 22] #elements: 262144 
Testing 14336/31176 [0, 2, 4, 6, 8, 14, 17, 22] [0, 2, 7, 8, 16] Pr: 2^{-40.65}  34 paths [0, 2, 7, 8, 16] [6, 14, 18, 22] #elements: 65536 
Testing 15360/31176 [2, 3, 6, 9, 10, 14, 15, 16, 17, 20, 21, 22] [0, 7, 8, 16, 19] Pr: 2^{-40.65}  34 paths [0, 7, 8, 16, 19] [6, 14, 18, 22] #elements: 262144 
Testing 16384/31176 [1, 2, 3, 6, 9, 10, 14, 16, 17, 21, 22] [0, 8, 15, 16, 19] Pr: 2^{-40.65}  34 paths [0, 8, 15, 16, 19] [6, 14, 18, 22] #elements: 262144 
Testing 17408/31176 [1, 2, 6, 7, 10, 14, 22] [0, 6, 7, 8, 16] Pr: 2^{-40.65}  34 paths [0, 6, 7, 8, 16] [6, 14, 18, 22] #elements: 16384 
Testing 18432/31176 [0, 2, 6, 10, 14, 15, 17, 21] [0, 7, 8, 14, 16] Pr: 2^{-40.709}  40 paths [0, 7, 8, 14, 16] [6, 14, 18, 21, 22] #elements: 65536 
Testing 19456/31176 [1, 2, 6, 8, 9, 10, 14, 16, 20, 22] [0, 8, 16, 19] Pr: 2^{-40.709}  37 paths [0, 8, 16, 19] [6, 14, 18, 21, 22] #elements: 262144 
Testing 20480/31176 [2, 6, 7, 8, 10, 14, 16, 17, 21, 22] [0, 6, 8, 16] Pr: 2^{-40.709}  37 paths [0, 6, 8, 16] [6, 14, 18, 21, 22] #elements: 262144 
Testing 21504/31176 [0, 1, 3, 8, 9, 14, 21, 22] [0, 1, 16] Pr: 2^{-40.811}  20 paths [0, 1, 16] [0, 14, 18, 21, 22] #elements: 65536 
Testing 22528/31176 [0, 2, 3, 8, 14, 17, 21, 22] [0, 6, 16, 19, 23] Pr: 2^{-41.055}  30 paths [0, 6, 16, 19, 23] [14, 18, 22] #elements: 65536 
Testing 23552/31176 [0, 2, 3, 4, 6, 8, 14, 22] [0, 2, 15, 16, 22] Pr: 2^{-41.138}  30 paths [0, 2, 15, 16, 22] [14, 18, 22] #elements: 65536 
Testing 24576/31176 [0, 2, 3, 4, 14, 20, 21, 22, 23] [0, 2, 15, 16, 19] Pr: 2^{-41.138}  30 paths [0, 2, 15, 16, 19] [14, 18, 22] #elements: 262144 
Testing 25600/31176 [0, 2, 4, 10, 14, 17, 22, 23] [0, 2, 15, 16, 22] Pr: 2^{-41.138}  30 paths [0, 2, 15, 16, 22] [14, 18, 22] #elements: 65536 
Testing 26624/31176 [0, 1, 2, 7, 8, 14, 20, 21, 22, 23] [0, 16, 19, 22, 23] Pr: 2^{-41.138}  30 paths [0, 16, 19, 22, 23] [14, 18, 22] #elements: 262144 
Testing 27648/31176 [0, 1, 2, 3, 8, 9, 14, 17, 22] [0, 1, 15, 16] Pr: 2^{-41.226}  21 paths [0, 1, 15, 16] [0, 14, 18, 22] #elements: 262144 
Testing 28672/31176 [0, 2, 7, 8, 9, 10, 14, 16, 22] [0, 6, 8, 16, 23] Pr: 2^{-41.226}  24 paths [0, 6, 8, 16, 23] [0, 14, 18, 22] #elements: 262144 
Sorting 24448 elements w.r.t. probability
Storing 24448 differences
1 [4, 6, 10, 15, 23] [2, 14, 22] Pr: 2^{-40.459}  39 paths [2, 14, 22] [0, 16]
2 [4, 10, 15, 22] [2, 14, 22] Pr: 2^{-40.459}  39 paths [2, 14, 22] [0, 16]
3 [3, 4, 6, 10, 22] [2, 14, 22] Pr: 2^{-40.459}  39 paths [2, 14, 22] [0, 16]
sqrt(Sum Pr^2): 2^{-36.782}
-------------------------------------
Round 13
-------------------------------------
Testing 1024/24448 [3, 4, 6, 9, 10, 23] [2, 7, 14, 22] Pr: 2^{-42.816}  34 paths [2, 7, 14, 22] [0, 16, 23] #elements: 4096 
Testing 2048/24448 [2, 4, 6, 10, 22] [1, 2, 8, 14, 22] Pr: 2^{-43.772}  33 paths [1, 2, 8, 14, 22] [0, 16] #elements: 1024 
Testing 3072/24448 [2, 4, 6, 8, 16, 19, 23] [0, 2, 17, 22] Pr: 2^{-44.138}  30 paths [0, 2, 17, 22] [0, 6, 16] #elements: 16384 
Testing 4096/24448 [2, 3, 4, 6, 10, 18, 19, 22, 23] [1, 2, 14, 17, 22] Pr: 2^{-44.772}  31 paths [1, 2, 14, 17, 22] [0, 16] #elements: 262144 
Testing 5120/24448 [2, 3, 4, 9, 10, 16] [0, 2, 8, 14, 22] Pr: 2^{-44.772}  32 paths [0, 2, 8, 14, 22] [0, 16, 23] #elements: 4096 
Testing 6144/24448 [1, 2, 4, 8, 9, 10, 22] [0, 1, 2, 14, 22] Pr: 2^{-45.083}  32 paths [0, 1, 2, 14, 22] [0, 16] #elements: 16384 
Testing 7168/24448 [1, 3, 4, 9, 16, 18, 19] [1, 2, 17, 22] Pr: 2^{-45.138}  29 paths [1, 2, 17, 22] [0, 6, 16] #elements: 16384 
Testing 8192/24448 [3, 4, 8, 9, 15] [2, 7, 8, 22] Pr: 2^{-45.138}  29 paths [2, 7, 8, 22] [0, 6, 16] #elements: 1024 
Testing 9216/24448 [1, 4, 10, 15, 19, 23] [2, 8, 14, 17, 22] Pr: 2^{-45.268}  31 paths [2, 8, 14, 17, 22] [0, 16] #elements: 4096 
Testing 10240/24448 [3, 4, 10, 15, 16, 22, 23] [2, 7, 8, 14, 22] Pr: 2^{-45.553}  33 paths [2, 7, 8, 14, 22] [0, 16, 23] #elements: 16384 
Testing 11264/24448 [2, 3, 4, 6, 8, 9, 10, 15, 18, 19, 22, 23] [0, 2, 7, 14, 17, 22] Pr: 2^{-46.138}  37 paths [0, 2, 7, 14, 17, 22] [0, 16, 23] #elements: 262144 
Testing 12288/24448 [2, 4, 5, 6, 12, 15, 22] [2, 4, 14, 22] Pr: 2^{-46.138}  28 paths [2, 4, 14, 22] [0, 2, 16] #elements: 16384 
Testing 13312/24448 [2, 4, 9, 10, 15, 19, 23] [0, 2, 7, 14, 17, 22] Pr: 2^{-46.138}  37 paths [0, 2, 7, 14, 17, 22] [0, 16, 23] #elements: 16384 
Testing 14336/24448 [4, 9, 16] [1, 2, 7, 8, 22] Pr: 2^{-46.138}  31 paths [1, 2, 7, 8, 22] [0, 6, 16] #elements: 64 
Testing 15360/24448 [4, 8, 9, 10] [0, 1, 2, 8, 14, 22] Pr: 2^{-46.48}  32 paths [0, 1, 2, 8, 14, 22] [0, 16] #elements: 256 
Testing 16384/24448 [1, 2, 4, 6, 8, 15, 16, 22] [0, 1, 2, 8, 14, 22] Pr: 2^{-46.48}  32 paths [0, 1, 2, 8, 14, 22] [0, 16] #elements: 65536 
Testing 17408/24448 [1, 3, 4, 10, 16, 19, 23] [1, 2, 8, 14, 17, 22] Pr: 2^{-46.48}  33 paths [1, 2, 8, 14, 17, 22] [0, 16, 23] #elements: 16384 
Testing 18432/24448 [2, 3, 4, 6, 8, 9, 10, 15, 16] [0, 1, 2, 8, 14, 22] Pr: 2^{-46.48}  32 paths [0, 1, 2, 8, 14, 22] [0, 16] #elements: 262144 
Testing 19456/24448 [1, 2, 3, 4, 6, 8, 9, 10, 15, 16] [0, 1, 2, 8, 14, 22] Pr: 2^{-46.48}  32 paths [0, 1, 2, 8, 14, 22] [0, 16] #elements: 262144 
Testing 20480/24448 [4, 10, 15, 18, 19] [1, 2, 8, 14, 17, 22] Pr: 2^{-46.48}  32 paths [1, 2, 8, 14, 17, 22] [0, 16] #elements: 1024 
Testing 21504/24448 [1, 3, 4, 6, 15, 16, 18, 19] [1, 2, 8, 14, 17, 22] Pr: 2^{-46.48}  32 paths [1, 2, 8, 14, 17, 22] [0, 16] #elements: 65536 
Testing 22528/24448 [1, 2, 4, 9, 10, 15, 16, 19, 22, 23] [1, 2, 8, 14, 17, 22] Pr: 2^{-46.48}  33 paths [1, 2, 8, 14, 17, 22] [0, 16, 23] #elements: 262144 
Sorting 24320 elements w.r.t. probability
Storing 24320 differences
1 [2, 6, 12, 14, 22] [4] Pr: 2^{-42.459}  39 paths [4] [2, 14, 22]
2 [2, 6, 14, 22] [4] Pr: 2^{-42.459}  39 paths [4] [2, 14, 22]
3 [2, 5, 6, 12, 14, 22] [4] Pr: 2^{-42.459}  39 paths [4] [2, 14, 22]
sqrt(Sum Pr^2): 2^{-40.237}
-------------------------------------
Round 14
-------------------------------------
Testing 1024/24320 [1, 2, 6, 11, 14, 22] [4, 10] Pr: 2^{-46.638}  34 paths [4, 10] [1, 2, 14, 22] #elements: 4096 
Testing 2048/24320 [0, 2, 5, 14, 22] [3, 4, 10, 22] Pr: 2^{-47.459}  40 paths [3, 4, 10, 22] [2, 14, 22] #elements: 1024 
Testing 3072/24320 [0, 1, 2, 4, 5, 6, 12, 14, 22] [3, 4, 10, 23] Pr: 2^{-47.459}  40 paths [3, 4, 10, 23] [2, 14, 22] #elements: 262144 
Testing 4096/24320 [0, 1, 2, 6, 7, 12, 17, 18, 22] [3, 4, 16, 23] Pr: 2^{-48.138}  30 paths [3, 4, 16, 23] [2, 22] #elements: 262144 
Testing 5120/24320 [0, 1, 2, 4, 6, 12, 14, 17, 22] [3, 4, 15, 23] Pr: 2^{-48.459}  39 paths [3, 4, 15, 23] [2, 14, 22] #elements: 262144 
Testing 6144/24320 [2, 4, 5, 6, 8, 12, 17, 22] [3, 4, 6, 15] Pr: 2^{-48.459}  39 paths [3, 4, 6, 15] [2, 14, 22] #elements: 65536 
Testing 7168/24320 [0, 1, 2, 5, 6, 7, 12, 14, 17, 18, 22] [4, 10, 15, 23] Pr: 2^{-48.459}  39 paths [4, 10, 15, 23] [2, 14, 22] #elements: 262144 
Testing 8192/24320 [1, 2, 5, 6, 7, 12, 14, 17, 20, 21, 22] [4, 19, 23] Pr: 2^{-48.638}  34 paths [4, 19, 23] [2, 14, 17, 22] #elements: 262144 
Testing 9216/24320 [0, 2, 5, 8, 14, 17, 18, 22, 23] [4, 16, 22] Pr: 2^{-48.772}  32 paths [4, 16, 22] [2, 8, 14, 22] #elements: 262144 
Testing 10240/24320 [1, 2, 4, 6, 10, 12, 14, 22] [2, 4, 23] Pr: 2^{-48.772}  32 paths [2, 4, 23] [0, 2, 14, 22] #elements: 65536 
Testing 11264/24320 [0, 1, 2, 6, 7, 11, 14, 17, 22] [4, 9, 23] Pr: 2^{-48.816}  34 paths [4, 9, 23] [2, 7, 14, 22] #elements: 262144 
Testing 12288/24320 [1, 2, 6, 8, 12, 17, 18, 22] [4, 6, 16] Pr: 2^{-49.138}  29 paths [4, 6, 16] [1, 2, 22] #elements: 65536 
Testing 13312/24320 [1, 2, 4, 5, 6, 12, 18, 22] [2, 4, 16] Pr: 2^{-49.138}  29 paths [2, 4, 16] [1, 2, 22] #elements: 65536 
Testing 14336/24320 [0, 1, 2, 4, 6, 7, 8, 11, 14, 17, 22, 23] [3, 4, 6, 15, 23] Pr: 2^{-49.459}  40 paths [3, 4, 6, 15, 23] [2, 14, 22] #elements: 262144 
Testing 15360/24320 [0, 2, 5, 7, 8, 11, 14, 17, 18, 22, 23] [4, 6, 10, 15, 22] Pr: 2^{-49.459}  40 paths [4, 6, 10, 15, 22] [2, 14, 22] #elements: 262144 
Testing 16384/24320 [0, 1, 2, 4, 6, 8, 14, 22] [3, 4, 6, 22, 23] Pr: 2^{-49.459}  40 paths [3, 4, 6, 22, 23] [2, 14, 22] #elements: 65536 
Testing 17408/24320 [1, 2, 5, 6, 7, 8, 14, 17, 18, 22, 23] [4, 6, 10, 15, 23] Pr: 2^{-49.459}  40 paths [4, 6, 10, 15, 23] [2, 14, 22] #elements: 262144 
Testing 18432/24320 [0, 2, 8, 14, 22] [0, 6, 22] Pr: 2^{-49.512}  29 paths [0, 6, 22] [14, 22] #elements: 1024 
Testing 19456/24320 [0, 1, 2, 5, 7, 14, 22, 23] [4, 6, 22] Pr: 2^{-49.772}  33 paths [4, 6, 22] [1, 2, 8, 14, 22] #elements: 65536 
Testing 20480/24320 [2, 6, 7, 8, 11, 12, 14, 22] [4, 9, 23] Pr: 2^{-49.772}  33 paths [4, 9, 23] [1, 2, 8, 14, 22] #elements: 65536 
Testing 21504/24320 [1, 2, 4, 5, 6, 10, 11, 12, 14, 17, 22, 23] [2, 4, 10, 15] Pr: 2^{-50.638}  34 paths [2, 4, 10, 15] [1, 2, 14, 22] #elements: 262144 
Testing 22528/24320 [1, 2, 4, 6, 7, 8, 12, 14, 16, 17, 18, 22, 23] [3, 4, 6, 10, 15, 23] Pr: 2^{-51.459}  40 paths [3, 4, 6, 10, 15, 23] [2, 14, 22] #elements: 262144 
Sorting 30464 elements w.r.t. probability
Storing 30464 differences
1 [0, 3, 8, 14, 16, 23] [2, 6, 14, 22] Pr: 2^{-49.607}  44 paths [2, 6, 14, 22] [4]
2 [0, 3, 7, 8, 10, 14, 15, 16, 22] [2, 6, 14, 22] Pr: 2^{-49.607}  44 paths [2, 6, 14, 22] [4]
3 [0, 3, 8, 16, 22] [2, 6, 14, 22] Pr: 2^{-49.607}  44 paths [2, 6, 14, 22] [4]
sqrt(Sum Pr^2): 2^{-44.959}
-------------------------------------
Round 15
-------------------------------------
Testing 1024/30464 [0, 8, 9, 10, 16, 23] [2, 6, 8, 22] Pr: 2^{-51.174}  43 paths [2, 6, 8, 22] [4, 6] #elements: 4096 
Testing 2048/30464 [0, 3, 6, 7, 8, 14, 16, 22] [2, 5, 6, 12, 14, 22] Pr: 2^{-51.667}  58 paths [2, 5, 6, 12, 14, 22] [4] #elements: 65536 
Testing 3072/30464 [0, 3, 6, 7, 8, 10, 13, 14, 15, 16] [2, 6, 12, 14, 22] Pr: 2^{-51.667}  43 paths [2, 6, 12, 14, 22] [4] #elements: 262144 
Testing 4096/30464 [0, 3, 6, 8, 9, 10, 13, 23] [2, 5, 6, 8, 22] Pr: 2^{-52.759}  42 paths [2, 5, 6, 8, 22] [4, 6] #elements: 65536 
Testing 5120/30464 [0, 3, 6, 8, 10, 13, 16] [2, 6, 11, 14, 22] Pr: 2^{-53.137}  41 paths [2, 6, 11, 14, 22] [4, 10] #elements: 16384 
Testing 6144/30464 [2, 4, 15, 16] [1, 2, 14, 22] Pr: 2^{-53.512}  29 paths [1, 2, 14, 22] [0] #elements: 256 
Testing 7168/30464 [0, 3, 6, 7, 8, 14, 16, 23] [1, 2, 6, 14, 22] Pr: 2^{-53.546}  35 paths [1, 2, 6, 14, 22] [4] #elements: 65536 
Testing 8192/30464 [0, 3, 6, 8, 13] [2, 5, 6, 12, 22] Pr: 2^{-53.691}  38 paths [2, 5, 6, 12, 22] [4, 6] #elements: 1024 
Testing 9216/30464 [0, 3, 6, 8, 9, 10, 16] [1, 2, 6, 8, 22] Pr: 2^{-53.759}  34 paths [1, 2, 6, 8, 22] [4] #elements: 16384 
Testing 10240/30464 [0, 3, 8, 13, 14, 23] [2, 5, 6, 8, 12, 22] Pr: 2^{-53.759}  46 paths [2, 5, 6, 8, 12, 22] [4, 6] #elements: 4096 
Testing 11264/30464 [0, 3, 7, 8, 9, 16] [2, 6, 8, 12, 22] Pr: 2^{-53.759}  40 paths [2, 6, 8, 12, 22] [4, 6] #elements: 4096 
Testing 12288/30464 [0, 3, 6, 7, 8, 10, 16, 19, 20, 22, 23] [2, 6, 14, 18, 22] Pr: 2^{-53.874}  40 paths [2, 6, 14, 18, 22] [4, 10] #elements: 262144 
Testing 13312/30464 [0, 3, 8, 9, 23] [1, 2, 6, 22] Pr: 2^{-53.943}  35 paths [1, 2, 6, 22] [4, 6, 23] #elements: 1024 
Testing 14336/30464 [0, 8, 15, 16, 19] [2, 5, 6, 11, 14, 22] Pr: 2^{-54.137}  44 paths [2, 5, 6, 11, 14, 22] [3, 4] #elements: 1024 
Testing 15360/30464 [0, 7, 8, 10, 12, 14, 15, 16] [2, 5, 6, 11, 14, 22] Pr: 2^{-54.137}  44 paths [2, 5, 6, 11, 14, 22] [3, 4] #elements: 65536 
Testing 16384/30464 [0, 1, 2, 6, 8, 16, 18, 19, 23] [0, 2, 14, 17, 22] Pr: 2^{-54.459}  41 paths [0, 2, 14, 17, 22] [4, 15, 22] #elements: 262144 
Testing 17408/30464 [0, 2, 6, 7, 8, 10, 13, 14, 16, 22, 23] [0, 2, 5, 12, 14, 22] Pr: 2^{-54.459}  42 paths [0, 2, 5, 12, 14, 22] [4, 22] #elements: 262144 
Testing 18432/30464 [0, 2, 3, 6, 13, 14, 15, 16, 20, 22] [0, 2, 12, 14, 22] Pr: 2^{-54.459}  39 paths [0, 2, 12, 14, 22] [4, 22] #elements: 262144 
Testing 19456/30464 [0, 2, 3, 7, 10, 15, 16, 22, 23] [0, 2, 14, 22, 23] Pr: 2^{-54.459}  39 paths [0, 2, 14, 22, 23] [4, 22] #elements: 262144 
Testing 20480/30464 [0, 1, 2, 8, 10, 15, 16, 23] [0, 2, 6, 14, 22] Pr: 2^{-54.459}  39 paths [0, 2, 6, 14, 22] [4, 22] #elements: 65536 
Testing 21504/30464 [0, 1, 2, 3, 7, 8, 10, 15, 16, 22] [0, 2, 6, 14, 22] Pr: 2^{-54.459}  39 paths [0, 2, 6, 14, 22] [4, 22] #elements: 262144 
Testing 22528/30464 [0, 2, 10, 16, 22, 23] [0, 2, 8, 22] Pr: 2^{-54.459}  39 paths [0, 2, 8, 22] [4, 6, 22] #elements: 4096 
Testing 23552/30464 [3, 4, 6, 9, 23] [1, 2, 22] Pr: 2^{-54.512}  30 paths [1, 2, 22] [0, 6, 23] #elements: 1024 
Testing 24576/30464 [0, 8, 13, 14, 16, 22] [1, 2, 5, 6, 14, 22] Pr: 2^{-54.546}  37 paths [1, 2, 5, 6, 14, 22] [4] #elements: 4096 
Testing 25600/30464 [0, 2, 7, 8, 9, 10, 13, 14, 16, 22] [1, 2, 5, 6, 14, 22] Pr: 2^{-54.546}  37 paths [1, 2, 5, 6, 14, 22] [4] #elements: 262144 
Testing 26624/30464 [0, 3, 8, 15, 22, 23] [2, 5, 6, 8, 14, 22] Pr: 2^{-54.607}  42 paths [2, 5, 6, 8, 14, 22] [4, 6] #elements: 4096 
Testing 27648/30464 [0, 6, 7, 8, 9, 10, 14, 16] [2, 5, 6, 8, 14, 22] Pr: 2^{-54.607}  42 paths [2, 5, 6, 8, 14, 22] [4, 6] #elements: 65536 
Sorting 31376 elements w.r.t. probability
Storing 31376 differences
1 [2, 6, 12, 22] [4] Pr: 2^{-52.927}  30 paths [4] [2, 22]
2 [2, 5, 6, 12, 22] [4] Pr: 2^{-52.927}  30 paths [4] [2, 22]
3 [2, 5, 6, 22] [4] Pr: 2^{-52.927}  30 paths [4] [2, 22]
sqrt(Sum Pr^2): 2^{-50.017}
-------------------------------------
Round 16
-------------------------------------
Testing 1024/31376 [1, 6, 8, 10, 14, 15, 16, 18, 22] [0, 7, 8, 16] Pr: 2^{-56.607}  45 paths [0, 7, 8, 16] [2, 6, 14, 22] #elements: 262144 
Testing 2048/31376 [6, 9, 15, 19, 20, 22] [8, 14, 18] Pr: 2^{-57.014}  30 paths [8, 14, 18] [6, 10] #elements: 4096 
Testing 3072/31376 [0, 6, 10, 14, 16, 22] [0, 6, 8, 23] Pr: 2^{-57.18}  39 paths [0, 6, 8, 23] [2, 6, 22] #elements: 4096 
Testing 4096/31376 [6, 8, 10, 14, 17, 18, 22] [0, 7, 8, 16, 23] Pr: 2^{-57.607}  47 paths [0, 7, 8, 16, 23] [2, 6, 14, 22] #elements: 16384 
Testing 5120/31376 [0, 6, 10, 14, 15, 16, 17, 18] [0, 8, 14, 16] Pr: 2^{-57.607}  44 paths [0, 8, 14, 16] [2, 6, 14, 22] #elements: 65536 
Testing 6144/31376 [0, 5, 6, 7, 8, 9, 10, 14, 18, 22] [0, 8, 16, 23] Pr: 2^{-57.667}  49 paths [0, 8, 16, 23] [2, 5, 6, 14, 22] #elements: 262144 
Testing 7168/31376 [1, 2, 5, 6, 7, 8, 12, 18, 22] [4, 16, 23] Pr: 2^{-57.927}  31 paths [4, 16, 23] [2, 8, 22] #elements: 262144 
Testing 8192/31376 [6, 9, 12, 13] [7, 8, 11, 14] Pr: 2^{-58.014}  31 paths [7, 8, 11, 14] [6, 10] #elements: 256 
Testing 9216/31376 [6, 9, 10, 16, 18, 22] [0, 7, 8, 16] Pr: 2^{-58.174}  44 paths [0, 7, 8, 16] [2, 6, 8, 22] #elements: 4096 
Testing 10240/31376 [1, 2, 6, 8, 11, 12, 22] [4, 9] Pr: 2^{-58.512}  30 paths [4, 9] [1, 2, 8, 22] #elements: 16384 
Testing 11264/31376 [0, 1, 6, 7, 9, 10, 14, 15, 16, 17, 18, 22] [0, 6, 7, 8, 16] Pr: 2^{-58.607}  45 paths [0, 6, 7, 8, 16] [2, 6, 14, 22] #elements: 262144 
Testing 12288/31376 [1, 7, 8, 10, 14, 16, 18, 22, 23] [0, 8, 15, 16, 22, 23] Pr: 2^{-58.607}  51 paths [0, 8, 15, 16, 22, 23] [2, 6, 14, 22] #elements: 262144 
Testing 13312/31376 [0, 6, 8, 10, 11, 12, 14, 15, 17, 18, 22] [0, 7, 8, 10, 16] Pr: 2^{-58.607}  45 paths [0, 7, 8, 10, 16] [2, 6, 14, 22] #elements: 262144 
Testing 14336/31376 [1, 6, 9, 10, 14, 15, 17, 18] [0, 8, 14, 16, 23] Pr: 2^{-58.607}  45 paths [0, 8, 14, 16, 23] [2, 6, 14, 22] #elements: 65536 
Testing 15360/31376 [6, 9, 10, 14, 16, 18, 22] [0, 8, 14, 16, 23] Pr: 2^{-58.607}  45 paths [0, 8, 14, 16, 23] [2, 6, 14, 22] #elements: 16384 
Testing 16384/31376 [6, 8, 10, 14, 16, 18, 22] [0, 6, 7, 8, 16] Pr: 2^{-58.607}  45 paths [0, 6, 7, 8, 16] [2, 6, 14, 22] #elements: 16384 
Testing 17408/31376 [6, 9, 10, 11, 12, 14, 22, 23] [0, 8, 10, 15, 16] Pr: 2^{-58.607}  45 paths [0, 8, 10, 15, 16] [2, 6, 14, 22] #elements: 65536 
Testing 18432/31376 [5, 6, 7, 8, 10, 11, 14, 17, 18, 22] [0, 3, 8, 16, 23] Pr: 2^{-58.607}  45 paths [0, 3, 8, 16, 23] [2, 6, 14, 22] #elements: 262144 
Testing 19456/31376 [6, 9, 10, 14, 15, 18, 22] [0, 7, 8, 15, 16, 23] Pr: 2^{-58.607}  51 paths [0, 7, 8, 15, 16, 23] [2, 6, 14, 22] #elements: 16384 
Testing 20480/31376 [5, 6, 7, 8, 9, 10, 14, 18, 22] [0, 6, 8, 16] Pr: 2^{-58.667}  48 paths [0, 6, 8, 16] [2, 5, 6, 14, 22] #elements: 262144 
Testing 21504/31376 [5, 6, 8, 10, 14, 17, 18, 22] [0, 6, 8, 16, 23] Pr: 2^{-58.667}  51 paths [0, 6, 8, 16, 23] [2, 5, 6, 14, 22] #elements: 65536 
Testing 22528/31376 [0, 1, 5, 6, 10, 12, 14, 16, 18, 22] [0, 8, 15, 16] Pr: 2^{-58.667}  59 paths [0, 8, 15, 16] [2, 5, 6, 12, 14, 22] #elements: 262144 
Testing 23552/31376 [1, 6, 7, 9, 10, 11, 22] [0, 7, 9] Pr: 2^{-58.691}  36 paths [0, 7, 9] [2, 6, 7, 22] #elements: 16384 
Testing 24576/31376 [0, 2, 5, 6, 8, 12, 14, 18, 22] [4, 16, 22] Pr: 2^{-58.927}  30 paths [4, 16, 22] [2, 8, 14, 22] #elements: 262144 
Testing 25600/31376 [0, 6, 9, 12, 13, 16, 19, 20, 23] [8, 11, 22] Pr: 2^{-59.014}  30 paths [8, 11, 22] [6, 10, 20] #elements: 262144 
Testing 26624/31376 [2, 4, 6, 8, 11, 14, 17, 18, 22] [3, 4, 6, 16] Pr: 2^{-59.053}  31 paths [3, 4, 6, 16] [2, 14, 22] #elements: 262144 
Testing 27648/31376 [0, 2, 5, 6, 11, 14, 22] [4, 10, 16, 22] Pr: 2^{-59.053}  31 paths [4, 10, 16, 22] [2, 14, 22] #elements: 16384 
Testing 28672/31376 [1, 6, 8, 9, 11] [0, 8, 9, 14] Pr: 2^{-59.174}  43 paths [0, 8, 9, 14] [2, 6, 8, 22] #elements: 1024 
Sorting 4997 elements w.r.t. probability
Storing 4997 differences
1 [] [6] Pr: 2^{-54.314}  33 paths [6] [8]
2 [7, 14] [6] Pr: 2^{-54.314}  33 paths [6] [8]
3 [7] [6] Pr: 2^{-54.314}  33 paths [6] [8]
sqrt(Sum Pr^2): 2^{-52.812}
-------------------------------------
Round 17
-------------------------------------
Testing 1024/4997 [7, 9, 11, 17] [6, 8, 9] Pr: 2^{-60.429}  31 paths [6, 8, 9] [7, 8] #elements: 256 
Testing 2048/4997 [3, 9, 11, 12, 14, 18] [1, 6, 10, 22] Pr: 2^{-61.384}  47 paths [1, 6, 10, 22] [0, 8] #elements: 4096 
Testing 3072/4997 [0, 6, 7, 12, 14, 18, 23] [6, 10, 16, 22] Pr: 2^{-61.384}  47 paths [6, 10, 16, 22] [0, 8] #elements: 16384 
Testing 4096/4997 [0, 2, 8, 10, 14, 20] [2, 6, 18, 22] Pr: 2^{-62.927}  30 paths [2, 6, 18, 22] [4, 10] #elements: 4096 
Sorting 265 elements w.r.t. probability
Storing 265 differences
1 [6] [] Pr: 2^{-54.314}  33 paths [] [6]
2 [6, 8, 9] [7] Pr: 2^{-56.314}  33 paths [7] [6]
3 [6, 15, 16, 22] [14] Pr: 2^{-56.314}  33 paths [14] [6]
sqrt(Sum Pr^2): 2^{-53.932}
-------------------------------------
Round 18
-------------------------------------
Sorting 324 elements w.r.t. probability
Storing 324 differences
1 [8] [6] Pr: 2^{-56.314}  33 paths [6] []
2 [7, 8] [6] Pr: 2^{-56.314}  33 paths [6] []
3 [8, 14] [6] Pr: 2^{-56.314}  33 paths [6] []
sqrt(Sum Pr^2): 2^{-55.279}

-------------------------------------
Round 15
-------------------------------------
Sorting 4 elements w.r.t. probability
Storing 4 differences
1 [6] [7, 8, 14] Pr: 2^{-2} [] [6]
2 [6] [8, 14] Pr: 2^{-2} [] [6]
3 [6] [7, 8] Pr: 2^{-2} [] [6]
sqrt(Sum Pr^2): 2^{-1}
-------------------------------------
Round 14
-------------------------------------
Sorting 68 elements w.r.t. probability
Storing 68 differences
1 [8] [6, 9, 10] Pr: 2^{-4} [6] [8]
2 [8] [6, 10, 16] Pr: 2^{-4} [6] [8]
3 [8] [6, 9, 10, 16] Pr: 2^{-4} [6] [8]
sqrt(Sum Pr^2): 2^{-2.65}
-------------------------------------
Round 13
-------------------------------------
Sorting 4285 elements w.r.t. probability
Storing 4096 differences
1 [6, 10] [7, 12, 14] Pr: 2^{-7.3}  4 paths [7, 8] [6, 10]
2 [6, 10] [11, 12, 14, 18] Pr: 2^{-7.3}  4 paths [7, 8] [6, 10]
3 [6, 10] [11, 12, 14] Pr: 2^{-7.3}  4 paths [7, 8] [6, 10]
sqrt(Sum Pr^2): 2^{-5.023}
-------------------------------------
Round 12
-------------------------------------
Testing 1024/4096 [6, 10, 15, 16] [0, 12, 16] Pr: 2^{-13.415}  2 paths [8, 14] [6, 10, 15, 16] #elements: 64 
Testing 2048/4096 [6, 9, 10, 15] [7, 12, 14, 16, 18, 23] Pr: 2^{-14} [8, 14] [6, 9, 10, 15] #elements: 4096 
Testing 3072/4096 [6, 8, 9, 10] [7, 9, 12, 16, 17, 18] Pr: 2^{-15}  2 paths [7, 8, 14] [6, 8, 9, 10] #elements: 4096 
Testing 4096/4096 [6, 8, 10, 16, 22] [6, 10, 11, 12, 17, 18, 23] Pr: 2^{-17}  2 paths [7, 8, 14] [6, 8, 10, 16, 22] #elements: 16384 
Sorting 40416 elements w.r.t. probability
Storing 4096 differences
1 [12] [6, 10, 13, 14, 20] Pr: 2^{-9.3}  4 paths [6, 10] [12]
2 [12] [6, 10, 14, 20] Pr: 2^{-9.3}  4 paths [6, 10] [12]
3 [12] [6, 10, 14] Pr: 2^{-9.3}  4 paths [6, 10] [12]
sqrt(Sum Pr^2): 2^{-7.496}
-------------------------------------
Round 11
-------------------------------------
Testing 1024/4096 [7, 11, 12] [6, 9, 10, 14, 15, 19] Pr: 2^{-13.3}  4 paths [6, 10] [7, 11, 12] #elements: 4096 
Testing 2048/4096 [7, 11, 12, 18] [2, 6, 8, 9, 10, 12, 13, 14, 19] Pr: 2^{-14.3}  5 paths [6, 10] [7, 11, 12, 18] #elements: 262144 
Testing 3072/4096 [10, 11, 12] [6, 9, 10, 12, 13, 14, 18] Pr: 2^{-15.415}  3 paths [6, 9, 10] [10, 11, 12] #elements: 16384 
Testing 4096/4096 [7, 11, 12] [6, 8, 10, 12, 14, 15, 20] Pr: 2^{-15.415}  3 paths [6, 9, 10] [7, 11, 12] #elements: 16384 
Sorting 27360 elements w.r.t. probability
Storing 4096 differences
1 [6, 10, 14] [8, 14, 16, 18] Pr: 2^{-14.5}  9 paths [12] [6, 10, 14]
2 [6, 10, 14] [8, 11, 15, 16, 22] Pr: 2^{-14.5}  9 paths [12] [6, 10, 14]
3 [6, 10, 14] [7, 8, 11, 14, 16, 18] Pr: 2^{-14.5}  9 paths [12] [6, 10, 14]
sqrt(Sum Pr^2): 2^{-10.947}
-------------------------------------
Round 10
-------------------------------------
Testing 1024/4096 [6, 10, 13, 14, 19] [3, 7, 8, 11, 16, 18, 20, 21] Pr: 2^{-18.978}  9 paths [11, 12] [6, 10, 13, 14, 19] #elements: 65536 
Testing 2048/4096 [6, 9, 10, 13, 14] [8, 11, 15, 16, 21, 22] Pr: 2^{-18.902}  13 paths [7, 12] [6, 9, 10, 13, 14] #elements: 4096 
Testing 3072/4096 [6, 9, 10, 13, 14] [7, 8, 14, 16, 17, 21] Pr: 2^{-18.902}  13 paths [7, 12] [6, 9, 10, 13, 14] #elements: 4096 
Testing 4096/4096 [6, 10, 12, 13, 14] [8, 11, 13, 15, 16, 18] Pr: 2^{-19.715}  7 paths [11, 12] [6, 10, 12, 13, 14] #elements: 4096 
Sorting 50336 elements w.r.t. probability
Storing 4096 differences
1 [8, 16] [0, 6, 9, 14, 18] Pr: 2^{-18.5}  9 paths [6, 10, 14] [8, 16]
2 [8, 16] [6, 9, 14, 18] Pr: 2^{-18.5}  9 paths [6, 10, 14] [8, 16]
3 [8, 16] [0, 6, 9, 14, 17, 18] Pr: 2^{-18.5}  9 paths [6, 10, 14] [8, 16]
sqrt(Sum Pr^2): 2^{-15.326}
-------------------------------------
Round 9
-------------------------------------
Testing 1024/4096 [8, 16, 22] [14, 16, 17, 18] Pr: 2^{-20.5}  9 paths [6, 10, 14] [8, 16, 22] #elements: 256 
Testing 2048/4096 [8, 14, 16, 18] [6, 9, 14, 15, 17, 18, 19, 20, 22] Pr: 2^{-22.5}  9 paths [6, 10, 14] [8, 14, 16, 18] #elements: 262144 
Testing 3072/4096 [8, 11, 15, 16, 22] [0, 6, 13, 14, 16, 18, 23] Pr: 2^{-22.5}  12 paths [6, 10, 14] [8, 11, 15, 16, 22] #elements: 16384 
Testing 4096/4096 [7, 8, 14, 15, 16] [6, 8, 9, 14, 16, 17, 18, 22] Pr: 2^{-22.5}  12 paths [6, 10, 14] [7, 8, 14, 15, 16] #elements: 65536 
Sorting 14288 elements w.r.t. probability
Storing 4096 differences
1 [6, 14, 18] [7, 14, 20] Pr: 2^{-23.33}  13 paths [8, 16] [6, 14, 18]
2 [6, 14, 18] [2, 7, 14, 20] Pr: 2^{-23.33}  13 paths [8, 16] [6, 14, 18]
3 [6, 14, 18] [14, 20, 22] Pr: 2^{-23.33}  13 paths [8, 16] [6, 14, 18]
sqrt(Sum Pr^2): 2^{-19.702}
-------------------------------------
Round 8
-------------------------------------
Testing 1024/4096 [6, 14, 17, 18] [1, 2, 7, 18, 19, 20, 22] Pr: 2^{-25.5}  12 paths [8, 16] [6, 14, 17, 18] #elements: 16384 
Testing 2048/4096 [6, 14, 17, 18] [2, 7, 14, 18, 20] Pr: 2^{-25.5}  12 paths [8, 16] [6, 14, 17, 18] #elements: 1024 
Testing 3072/4096 [0, 14, 18, 23] [0, 2, 20, 22] Pr: 2^{-27.5}  13 paths [8, 15, 16, 22] [0, 14, 18, 23] #elements: 256 
Testing 4096/4096 [6, 9, 14, 16, 18] [0, 2, 10, 11, 14, 15, 17, 18, 19, 20] Pr: 2^{-26.915}  12 paths [8, 16] [6, 9, 14, 16, 18] #elements: 262144 
Sorting 747600 elements w.r.t. probability
Storing 4096 differences
1 [20] [6, 14, 18, 21, 22] Pr: 2^{-25.33}  13 paths [6, 14, 18] [20]
2 [20] [4, 6, 14, 18, 21, 22] Pr: 2^{-25.33}  13 paths [6, 14, 18] [20]
3 [20] [6, 14, 18, 22] Pr: 2^{-25.33}  13 paths [6, 14, 18] [20]
sqrt(Sum Pr^2): 2^{-23.215}
-------------------------------------
Round 7
-------------------------------------
Testing 1024/4096 [2, 15, 20, 22] [0, 3, 4, 6, 10, 14, 17, 18, 21, 22, 23] Pr: 2^{-30.33}  14 paths [6, 14, 18] [2, 15, 20, 22] #elements: 262144 
Testing 2048/4096 [8, 15, 20] [0, 10, 14, 17, 18, 21, 22] Pr: 2^{-30.915}  16 paths [0, 14, 18, 23] [8, 15, 20] #elements: 16384 
Testing 3072/4096 [14, 15, 20, 22] [0, 4, 6, 14, 15, 16, 17, 18, 23] Pr: 2^{-30.33}  14 paths [6, 14, 18] [14, 15, 20, 22] #elements: 262144 
Testing 4096/4096 [2, 7, 14, 20] [6, 9, 10, 14, 16, 18, 21, 22] Pr: 2^{-30.33}  14 paths [6, 14, 18] [2, 7, 14, 20] #elements: 65536 
Sorting 614131 elements w.r.t. probability
Storing 4096 differences
1 [6, 14, 18, 22] [0, 6, 8, 14, 16, 19] Pr: 2^{-32.552}  17 paths [20] [6, 14, 18, 22]
2 [6, 14, 18, 22] [0, 2, 6, 8, 14, 16, 19] Pr: 2^{-32.552}  17 paths [20] [6, 14, 18, 22]
3 [6, 14, 18, 22] [0, 7, 8, 14, 16, 19] Pr: 2^{-32.552}  17 paths [20] [6, 14, 18, 22]
sqrt(Sum Pr^2): 2^{-28.301}
-------------------------------------
Round 6
-------------------------------------
Testing 1024/4096 [4, 14, 18, 22] [0, 2, 5, 12, 16, 23] Pr: 2^{-36.8}  13 paths [20, 22] [4, 14, 18, 22] #elements: 4096 
Testing 2048/4096 [4, 6, 14, 18, 21, 22] [0, 6, 7, 8, 12, 16, 19, 23] Pr: 2^{-35.33}  16 paths [20] [4, 6, 14, 18, 21, 22] #elements: 65536 
Testing 3072/4096 [4, 6, 14, 18, 22] [0, 2, 5, 8, 14, 16, 22, 23] Pr: 2^{-35.33}  13 paths [20] [4, 6, 14, 18, 22] #elements: 65536 
Testing 4096/4096 [4, 6, 14, 18, 22] [0, 2, 5, 7, 8, 12, 16, 19] Pr: 2^{-35.33}  13 paths [20] [4, 6, 14, 18, 22] #elements: 65536 
Sorting 35840 elements w.r.t. probability
Storing 4096 differences
1 [0, 8, 16] [1, 2, 6, 8, 10, 14, 17, 22] Pr: 2^{-38.552}  17 paths [6, 14, 18, 22] [0, 8, 16]
2 [0, 8, 16] [0, 1, 2, 6, 8, 10, 14, 17, 22] Pr: 2^{-38.552}  17 paths [6, 14, 18, 22] [0, 8, 16]
3 [0, 8, 16] [0, 2, 6, 8, 10, 14, 17, 22] Pr: 2^{-38.552}  17 paths [6, 14, 18, 22] [0, 8, 16]
sqrt(Sum Pr^2): 2^{-34.316}
-------------------------------------
Round 5
-------------------------------------
Testing 1024/4096 [0, 6, 8, 16] [0, 1, 2, 6, 8, 10, 22] Pr: 2^{-40.552}  17 paths [6, 14, 18, 22] [0, 6, 8, 16] #elements: 16384 
Testing 2048/4096 [0, 7, 8, 15, 16] [0, 1, 2, 6, 9, 10, 14, 15, 16, 17, 22] Pr: 2^{-40.552}  20 paths [6, 14, 18, 22] [0, 7, 8, 15, 16] #elements: 262144 
Testing 3072/4096 [0, 6, 8, 16] [2, 6, 7, 10, 16, 22] Pr: 2^{-40.552}  17 paths [6, 14, 18, 22] [0, 6, 8, 16] #elements: 4096 
Testing 4096/4096 [0, 7, 8, 16] [1, 2, 6, 8, 9, 10, 14, 16, 17, 21, 22] Pr: 2^{-41.33}  15 paths [6, 14, 18, 21, 22] [0, 7, 8, 16] #elements: 262144 
Sorting 247954 elements w.r.t. probability
Storing 4096 differences
1 [2, 6, 10, 14, 22] [4, 6, 11, 12, 15] Pr: 2^{-47.23}  20 paths [0, 8, 16] [2, 6, 10, 14, 22]
2 [2, 6, 10, 14, 22] [4, 11, 12, 15] Pr: 2^{-47.23}  20 paths [0, 8, 16] [2, 6, 10, 14, 22]
3 [2, 6, 10, 14, 22] [3, 4, 11, 12, 15] Pr: 2^{-47.23}  20 paths [0, 8, 16] [2, 6, 10, 14, 22]
sqrt(Sum Pr^2): 2^{-41.982}
-------------------------------------
Round 4
-------------------------------------
Testing 1024/4096 [2, 6, 10, 14, 17, 22] [1, 3, 4, 7, 11, 12, 19, 22] Pr: 2^{-48.552}  22 paths [0, 8, 16] [2, 6, 10, 14, 17, 22] #elements: 65536 
Testing 2048/4096 [2, 6, 9, 10, 14, 22] [3, 4, 6, 11, 12, 14, 18, 23] Pr: 2^{-48.967}  20 paths [0, 8, 16] [2, 6, 9, 10, 14, 22] #elements: 65536 
Testing 3072/4096 [2, 6, 10, 14, 17, 22] [3, 4, 6, 12, 14, 19] Pr: 2^{-48.552}  22 paths [0, 8, 16] [2, 6, 10, 14, 17, 22] #elements: 4096 
Testing 4096/4096 [2, 6, 10, 14, 17, 22] [4, 12, 19, 23] Pr: 2^{-48.552}  22 paths [0, 8, 16] [2, 6, 10, 14, 17, 22] #elements: 256 
Sorting 126080 elements w.r.t. probability
Storing 4096 differences
1 [4, 12, 15] [2, 10, 12, 13, 16, 17, 22] Pr: 2^{-53.23}  20 paths [2, 6, 10, 14, 22] [4, 12, 15]
2 [4, 12, 15] [2, 5, 10, 12, 13, 16, 17, 22] Pr: 2^{-53.23}  20 paths [2, 6, 10, 14, 22] [4, 12, 15]
3 [4, 12, 14] [2, 10, 12, 16, 20] Pr: 2^{-53.23}  20 paths [2, 6, 10, 14, 22] [4, 12, 14]
sqrt(Sum Pr^2): 2^{-48.702}
-------------------------------------
Round 3
-------------------------------------
Testing 1024/4096 [4, 11, 12, 18, 23] [0, 1, 2, 7, 10, 13, 22] Pr: 2^{-55.23}  23 paths [2, 6, 10, 14, 22] [4, 11, 12, 18, 23] #elements: 16384 

