-------------------------------------
Round 1
-------------------------------------
1 [6] [] Pr: 2^{-0} [] [6]
sqrt(Sum Pr^2): 2^{0}
-------------------------------------
Round 2
-------------------------------------
1 [8] [6] Pr: 2^{-2} [6] []
2 [7, 8, 14] [6] Pr: 2^{-2} [6] []
3 [8, 14] [6] Pr: 2^{-2} [6] []
sqrt(Sum Pr^2): 2^{-1}
-------------------------------------
Round 3
-------------------------------------
1 [6, 9, 10] [8] Pr: 2^{-4} [8] [6]
2 [6, 10] [8] Pr: 2^{-4} [8] [6]
3 [6, 9, 10, 16] [8] Pr: 2^{-4} [8] [6]
sqrt(Sum Pr^2): 2^{-2.65}
-------------------------------------
Round 4
-------------------------------------
1 [7, 11, 12, 14, 18] [6, 10] Pr: 2^{-7.3}  4 paths [6, 10] [8]
2 [12, 14, 18] [6, 10] Pr: 2^{-7.3}  4 paths [6, 10] [8]
3 [7, 12] [6, 10] Pr: 2^{-7.3}  4 paths [6, 10] [8]
sqrt(Sum Pr^2): 2^{-4.899}
-------------------------------------
Round 5
-------------------------------------
Testing 1024/6096 [11, 12, 14, 18, 23, 24] [6, 10, 15, 16] Pr: 2^{-12.678}  3 paths [6, 10, 15, 16] [7, 8] #elements: 4096
Testing 2048/6096 [9, 10, 12, 18] [6, 8, 9, 10] Pr: 2^{-13.415}  2 paths [6, 8, 9, 10] [7, 8] #elements: 256
Testing 3072/6096 [7, 9, 10, 12, 17, 18] [6, 8, 10, 15, 16] Pr: 2^{-15}  2 paths [6, 8, 10, 15, 16] [7, 8] #elements: 4096
Testing 4096/6096 [7, 9, 10, 11, 12, 14, 16, 17, 18, 23] [6, 8, 9, 10, 15] Pr: 2^{-15}  2 paths [6, 8, 9, 10, 15] [7, 8] #elements: 262144
Testing 5120/6096 [7, 9, 10, 12, 16, 18] [6, 8, 10, 15, 16] Pr: 2^{-15}  2 paths [6, 8, 10, 15, 16] [7, 8] #elements: 4096
Sorting 6115 elements w.r.t. probability
Storing 6115 differences
1 [6, 10, 14] [12] Pr: 2^{-9.3}  4 paths [12] [6, 10]
2 [6, 10, 14, 20] [12] Pr: 2^{-9.3}  4 paths [12] [6, 10]
3 [6, 10, 13, 14, 20] [12] Pr: 2^{-9.3}  4 paths [12] [6, 10]
sqrt(Sum Pr^2): 2^{-7.463}
-------------------------------------
Round 6
-------------------------------------
Testing 1024/6115 [6, 9, 10, 13, 14, 15, 16, 19] [7, 11, 12, 14] Pr: 2^{-14.3} 5 paths [7, 11, 12, 14] [6, 10] #elements: 65536
Testing 2048/6115 [6, 9, 10, 13, 14, 16, 26] [7, 12, 24] Pr: 2^{-15.3}  4 paths [7, 12, 24] [6, 10, 16] #elements: 16384
Testing 3072/6115 [6, 10, 12, 14, 16, 19, 26, 32] [11, 12, 24] Pr: 2^{-15.3}  4 paths [11, 12, 24] [6, 10, 16] #elements: 65536
Testing 4096/6115 [6, 8, 10, 12, 13, 14, 16] [7, 10, 12] Pr: 2^{-16.3}  8 paths [7, 10, 12] [6, 9, 10, 16] #elements: 16384
Testing 5120/6115 [6, 8, 9, 10, 14, 15, 16, 19, 20, 26] [7, 12, 17, 18] Pr: 2^{-17.3}  4 paths [7, 12, 17, 18] [6, 10, 16] #elements: 262144
Sorting 17088 elements w.r.t. probability
Storing 17088 differences
1 [8, 11, 14, 16] [6, 10, 14] Pr: 2^{-14.42}  14 paths [6, 10, 14] [12]
2 [7, 8, 11, 14, 16, 18] [6, 10, 14] Pr: 2^{-14.42}  14 paths [6, 10, 14] [12]
3 [8, 11, 14, 15, 16, 18, 22] [6, 10, 14] Pr: 2^{-14.42}  14 paths [6, 10, 14] [12]
sqrt(Sum Pr^2): 2^{-10.876}
-------------------------------------
Round 7
-------------------------------------
Testing 1024/17088 [8, 14, 16, 18, 22] [6, 10, 14, 16] Pr: 2^{-17.545}  9 paths [6, 10, 14, 16] [12] #elements: 1024
Testing 2048/17088 [8, 11, 16, 18, 22] [6, 10, 13, 14, 19] Pr: 2^{-18.978}  9 paths [6, 10, 13, 14, 19] [11, 12] #elements: 1024
Testing 3072/17088 [7, 8, 11, 14, 15, 16, 17, 18] [6, 10, 13, 14, 16] Pr: 2^{-19.3}  7 paths [6, 10, 13, 14, 16] [12] #elements: 65536
Testing 4096/17088 [8, 11, 14, 16, 18, 20, 21, 22, 27, 28, 34] [6, 10, 14, 19, 26] Pr: 2^{-19.715}  7 paths [6, 10, 14, 19, 26] [12, 18] #elements: 262144
Testing 5120/17088 [8, 11, 16, 20, 21, 27] [6, 10, 12, 14, 19] Pr: 2^{-19.715} 7 paths [6, 10, 12, 14, 19] [11, 12] #elements: 4096
Testing 6144/17088 [7, 8, 11, 14, 16, 17, 22, 23] [6, 10, 14, 15] Pr: 2^{-20.167}  6 paths [6, 10, 14, 15] [12, 14] #elements: 65536
Testing 7168/17088 [7, 8, 15, 16, 17, 18, 21, 22] [6, 10, 14, 16, 20] Pr: 2^{-20.3}  5 paths [6, 10, 14, 16, 20] [12] #elements: 65536
Testing 8192/17088 [8, 10, 15, 16, 17] [6, 9, 10, 14, 20] Pr: 2^{-20.3}  5 paths [6, 9, 10, 14, 20] [12] #elements: 1024
Testing 9216/17088 [7, 8, 11, 13, 14, 16, 21, 28] [6, 10, 12, 14, 20] Pr: 2^{-20.715}  5 paths [6, 10, 12, 14, 20] [11, 12] #elements: 65536
Testing 10240/17088 [7, 8, 15, 16, 18, 21, 22, 28] [6, 10, 14, 20, 26] Pr: 2^{-20.715}  5 paths [6, 10, 14, 20, 26] [12, 18] #elements: 65536
Testing 11264/17088 [7, 8, 10, 11, 18, 22] [6, 8, 10, 14] Pr: 2^{-21.167}  5 paths [6, 8, 10, 14] [7, 12] #elements: 4096
Testing 12288/17088 [7, 8, 11, 15, 16, 17, 23, 24] [6, 10, 14, 15, 16] Pr: 2^{-21.3}  4 paths [6, 10, 14, 15, 16] [12, 14] #elements: 65536
Testing 13312/17088 [8, 10, 15, 16, 17, 18, 22, 23] [6, 9, 10, 14, 15] Pr: 2^{-21.3}  4 paths [6, 9, 10, 14, 15] [7, 12] #elements: 65536
Testing 14336/17088 [8, 11, 14, 16, 17, 18, 22, 24, 30] [6, 10, 14, 16, 22] Pr: 2^{-21.3}  4 paths [6, 10, 14, 16, 22] [12, 14] #elements: 262144
Testing 15360/17088 [8, 13, 14, 16, 20, 27, 28, 34] [6, 10, 12, 14, 26] Pr: 2^{-22.3}  5 paths [6, 10, 12, 14, 26] [11, 12, 18] #elements: 65536
Sorting 31764 elements w.r.t. probability
Storing 31764 differences
1 [6, 14, 16, 18, 24] [8, 16] Pr: 2^{-18.097}  17 paths [8, 16] [6, 10, 14]
2 [6, 14, 16, 17, 18] [8, 16] Pr: 2^{-18.097}  17 paths [8, 16] [6, 10, 14]
3 [6, 14, 16, 17, 18, 24] [8, 16] Pr: 2^{-18.097}  17 paths [8, 16] [6, 10, 14]
sqrt(Sum Pr^2): 2^{-14.876}
-------------------------------------
Round 8
-------------------------------------
Testing 1024/31764 [6, 9, 14, 17, 18, 24] [8, 14, 15, 16] Pr: 2^{-21.42}  15 paths [8, 14, 15, 16] [6, 10, 14] #elements: 4096
Testing 2048/31764 [6, 12, 13, 14, 16, 18, 30] [8, 11, 16, 22] Pr: 2^{-22.42}  14 paths [8, 11, 16, 22] [6, 10, 14] #elements: 16384
Testing 3072/31764 [6, 14, 15, 16, 17, 18, 20, 22, 24] [8, 14, 16, 18] Pr: 2^{-22.42}  14 paths [8, 14, 16, 18] [6, 10, 14] #elements: 262144
Testing 4096/31764 [6, 9, 14, 16, 17, 18, 20, 23, 30] [8, 16, 18, 22] Pr: 2^{-22.42}  14 paths [8, 16, 18, 22] [6, 10, 14] #elements: 262144
Testing 5120/31764 [6, 9, 14, 16, 17, 18, 20, 24, 29, 30, 36] [8, 16, 28] Pr: 2^{-22.482}  9 paths [8, 16, 28] [6, 10, 14, 20] #elements: 262144
Testing 6144/31764 [6, 8, 13, 14, 17, 18] [7, 8, 15, 16] Pr: 2^{-22.482}  16 paths [7, 8, 15, 16] [6, 10, 13, 14] #elements: 4096
Testing 7168/31764 [6, 8, 14, 15, 16, 17, 18] [7, 8, 14, 16, 22] Pr: 2^{-23.42} 15 paths [7, 8, 14, 16, 22] [6, 10, 14] #elements: 16384
Testing 8192/31764 [6, 8, 13, 14, 15, 16, 18] [7, 8, 11, 14, 16] Pr: 2^{-23.42} 15 paths [7, 8, 11, 14, 16] [6, 10, 14] #elements: 16384
Testing 9216/31764 [6, 9, 12, 13, 14, 18, 19, 20, 23, 26, 30] [8, 11, 16, 18, 22] Pr: 2^{-23.42}  15 paths [8, 11, 16, 18, 22] [6, 10, 14] #elements: 262144
Testing 10240/31764 [6, 9, 14, 16, 17, 18, 20, 23, 24, 26] [8, 14, 15, 16, 18] Pr: 2^{-23.42}  15 paths [8, 14, 15, 16, 18] [6, 10, 14] #elements: 262144
Testing 11264/31764 [6, 12, 13, 14, 15, 16, 18, 19, 24] [7, 8, 11, 15, 16] Pr: 2^{-23.42}  15 paths [7, 8, 11, 15, 16] [6, 10, 14] #elements: 262144
Testing 12288/31764 [6, 9, 14, 17, 18, 20, 24, 29, 30] [8, 15, 16, 28] Pr: 2^{-23.482}  10 paths [8, 15, 16, 28] [6, 10, 14, 20] #elements: 262144
Testing 13312/31764 [6, 9, 13, 14, 18, 19, 20, 30] [8, 15, 16, 18, 22] Pr: 2^{-23.482}  18 paths [8, 15, 16, 18, 22] [6, 10, 13, 14] #elements: 65536
Testing 14336/31764 [6, 8, 9, 13, 14, 18, 24, 30] [7, 8, 16, 22] Pr: 2^{-23.482}  15 paths [7, 8, 16, 22] [6, 10, 13, 14] #elements: 65536
Testing 15360/31764 [6, 13, 14, 17, 18, 19, 20, 24, 26] [7, 8, 16, 18] Pr: 2^{-23.482}  15 paths [7, 8, 16, 18] [6, 10, 13, 14] #elements: 262144
Testing 16384/31764 [6, 9, 13, 14, 15, 17, 18, 19, 20, 22, 26] [8, 14, 16, 18] Pr: 2^{-23.482}  15 paths [8, 14, 16, 18] [6, 10, 13, 14] #elements: 262144
Testing 17408/31764 [6, 12, 14, 17, 18, 19, 20] [8, 11, 15, 16, 18] Pr: 2^{-23.482}  18 paths [8, 11, 15, 16, 18] [6, 10, 13, 14] #elements: 16384
Testing 18432/31764 [6, 13, 14, 17, 18, 19, 23, 24] [8, 15, 16, 18] Pr: 2^{-23.599}  20 paths [8, 15, 16, 18] [6, 10, 13, 14, 20] #elements: 65536

Testing 4096/29888 [12, 18, 22] [6, 9, 10, 14] Pr: 2^{-47.654}  30 paths [6, 9, 10, 14] [8, 16] #elements: 64
Testing 5120/29888 [7, 12, 14, 15, 17] [6, 9, 10, 14, 16] Pr: 2^{-48.654}  31 paths [6, 9, 10, 14, 16] [8, 16] #elements: 1024
Testing 6144/29888 [11, 12, 14, 18, 19, 22, 25, 26, 27, 28] [6, 10, 14, 17, 22, 24, 26] Pr: 2^{-48.661}  46 paths [6, 10, 14, 17, 22, 24, 26] [8, 16, 24] #elements: 262144
Testing 7168/29888 [7, 12, 14, 15, 18, 19, 26, 28, 32] [6, 10, 14, 17, 22, 24, 26] Pr: 2^{-48.661}  46 paths [6, 10, 14, 17, 22, 24, 26] [8, 16, 24] #elements: 262144
Testing 8192/29888 [7, 11, 12, 14, 19, 23, 26, 27, 28] [6, 10, 14, 17, 22, 24, 26] Pr: 2^{-48.661}  46 paths [6, 10, 14, 17, 22, 24, 26] [8, 16, 24] #elements: 262144
Testing 9216/29888 [12, 19, 26, 27, 28, 30] [6, 10, 14, 17, 22, 24, 26] Pr: 2^{-48.661}  46 paths [6, 10, 14, 17, 22, 24, 26] [8, 16, 24] #elements: 4096
Testing 10240/29888 [12, 15, 23, 27, 28, 33, 34, 40] [6, 10, 14, 22, 26, 32] Pr: 2^{-48.661}  37 paths [6, 10, 14, 22, 26, 32] [8, 16, 24] #elements: 65536
Testing 11264/29888 [12, 14, 17, 18, 22, 23, 28, 30, 34] [6, 9, 10, 14, 22, 26] Pr: 2^{-48.661}  37 paths [6, 9, 10, 14, 22, 26] [8, 15, 16, 24] #elements: 262144
Testing 12288/29888 [7, 11, 12, 15, 28, 30, 33, 34] [6, 10, 14, 22, 26, 32] Pr: 2^{-48.661}  37 paths [6, 10, 14, 22, 26, 32] [8, 16, 24] #elements: 65536
Testing 13312/29888 [11, 12, 15, 18, 23, 25, 26, 28, 32] [6, 10, 14, 22, 24, 26] Pr: 2^{-48.661}  37 paths [6, 10, 14, 22, 24, 26] [8, 15, 16, 24] #elements: 262144
Testing 14336/29888 [7, 12, 14, 18, 22, 27, 28, 40] [6, 10, 14, 22, 26, 32] Pr: 2^{-48.661}  37 paths [6, 10, 14, 22, 26, 32] [8, 16, 24] #elements: 65536
Testing 15360/29888 [7, 12, 14, 15, 22, 23, 24, 28, 30] [6, 10, 14, 16, 22, 26] Pr: 2^{-48.661}  37 paths [6, 10, 14, 16, 22, 26] [8, 16, 24] #elements: 262144
Testing 16384/29888 [12, 14, 17, 18, 22, 28, 34] [6, 10, 14, 16, 22, 26] Pr: 2^{-48.661}  37 paths [6, 10, 14, 16, 22, 26] [8, 16, 24] #elements: 16384
Testing 17408/29888 [7, 12, 27, 28, 30] [6, 9, 10, 14, 22, 26] Pr: 2^{-48.661} 37 paths [6, 9, 10, 14, 22, 26] [8, 15, 16, 24] #elements: 1024
Testing 18432/29888 [7, 11, 12, 15, 18, 28, 33, 40] [6, 10, 14, 22, 26, 32] Pr: 2^{-48.661}  37 paths [6, 10, 14, 22, 26, 32] [8, 16, 24] #elements: 65536
Testing 19456/29888 [7, 12, 15, 22, 26, 27, 28, 32] [6, 10, 14, 22, 24, 26] Pr: 2^{-48.661}  37 paths [6, 10, 14, 22, 24, 26] [8, 15, 16, 24] #elements: 65536
Testing 20480/29888 [12, 14, 15, 18, 22, 23, 27, 28, 30, 34] [6, 9, 10, 14, 22, 26] Pr: 2^{-48.661}  37 paths [6, 9, 10, 14, 22, 26] [8, 15, 16, 24] #elements: 262144
Testing 21504/29888 [12, 15, 17, 18, 22, 23, 28, 34] [6, 9, 10, 14, 22, 26] Pr: 2^{-48.661}  37 paths [6, 9, 10, 14, 22, 26] [8, 15, 16, 24] #elements: 65536
Testing 22528/29888 [7, 12, 14, 15, 18, 23, 27, 28, 30, 33] [6, 10, 14, 22, 26, 32] Pr: 2^{-48.661}  37 paths [6, 10, 14, 22, 26, 32] [8, 16, 24] #elements: 262144
Testing 23552/29888 [12, 14, 15, 18, 24, 28, 30] [6, 10, 14, 16, 22, 26] Pr: 2^{-48.661}  37 paths [6, 10, 14, 16, 22, 26] [8, 16, 24] #elements: 16384
Testing 24576/29888 [11, 12, 18, 22, 28, 30, 33, 34, 40] [6, 10, 14, 22, 26, 32]  Pr: 2^{-48.661}  37 paths [6, 10, 14, 22, 26, 32] [8, 16, 24] #elements: 262144
Testing 25600/29888 [11, 12, 15, 19, 21, 22] [6, 10, 14, 17, 20] Pr: 2^{-48.925}  32 paths [6, 10, 14, 17, 20] [8, 16, 18] #elements: 4096
Testing 26624/29888 [11, 12, 23, 26, 28] [6, 10, 14, 22, 25, 26] Pr: 2^{-49.061}  36 paths [6, 10, 14, 22, 25, 26] [8, 16, 24] #elements: 1024
Testing 27648/29888 [7, 12, 15, 23, 26, 27, 28, 30, 34] [6, 10, 14, 22, 25, 26] Pr: 2^{-49.061}  36 paths [6, 10, 14, 22, 25, 26] [8, 16, 24] #elements: 262144
Sorting 29192 elements w.r.t. probability
Storing 29192 differences
1 [6, 10, 13] [12] Pr: 2^{-46.988}  32 paths [12] [6, 10, 14]
2 [6, 10] [12] Pr: 2^{-46.988}  32 paths [12] [6, 10, 14]
3 [6, 10, 20] [12] Pr: 2^{-46.988}  32 paths [12] [6, 10, 14]
sqrt(Sum Pr^2): 2^{-44.833}
-------------------------------------
Round 14
-------------------------------------
Testing 1024/29192 [6, 10, 13, 19, 23, 24, 26] [12, 18, 22] Pr: 2^{-51.302}  31 paths [12, 18, 22] [6, 10, 14] #elements: 16384
Testing 2048/29192 [6, 10, 15, 16, 20] [11, 12, 14, 18] Pr: 2^{-52.302}  32 paths [11, 12, 14, 18] [6, 10, 14] #elements: 1024
Testing 3072/29192 [6, 8, 9, 10, 15, 16, 17, 20, 21, 22] [7, 12, 14, 19] Pr: 2^{-52.654}  34 paths [7, 12, 14, 19] [6, 10, 14, 17] #elements: 262144
Testing 4096/29192 [6, 10, 15, 16, 22, 26, 29, 30] [12, 14, 28] Pr: 2^{-52.661} 37 paths [12, 14, 28] [6, 10, 14, 22, 26] #elements: 65536
Testing 5120/29192 [6, 10, 13, 15, 16, 17, 20, 23] [12, 14, 15, 18] Pr: 2^{-53.302}  31 paths [12, 14, 15, 18] [6, 10, 14] #elements: 65536
Testing 6144/29192 [6, 8, 9, 10, 13, 19, 24] [7, 12, 18, 22] Pr: 2^{-53.302}  31 paths [7, 12, 18, 22] [6, 10, 14] #elements: 16384
Testing 7168/29192 [6, 10, 13, 16, 17, 20, 21, 26, 33] [12, 14, 19, 25] Pr: 2^{-53.654}  32 paths [12, 14, 19, 25] [6, 10, 14, 17] #elements: 262144
Testing 8192/29192 [6, 10, 20, 24, 28, 34] [12, 26, 32] Pr: 2^{-53.654}  30 paths [12, 26, 32] [6, 10, 14, 24] #elements: 4096
Testing 9216/29192 [6, 10, 13, 17, 18, 19, 20, 23, 25] [12, 15, 17] Pr: 2^{-53.654}  30 paths [12, 15, 17] [6, 10, 14, 16] #elements: 262144
Testing 10240/29192 [6, 8, 9, 10, 13, 15, 24, 28, 34] [7, 12, 26] Pr: 2^{-53.654}  30 paths [7, 12, 26] [6, 10, 14, 24] #elements: 262144
Testing 11264/29192 [6, 9, 10, 13, 17, 20, 21, 27] [7, 12, 18, 19] Pr: 2^{-53.654}  32 paths [7, 12, 18, 19] [6, 10, 14, 17] #elements: 65536
Testing 12288/29192 [6, 9, 10, 13, 15, 16, 18, 19, 20, 22] [12, 14, 17] Pr: 2^{-53.654}  30 paths [12, 14, 17] [6, 9, 10, 14] #elements: 262144
Testing 13312/29192 [6, 9, 10, 12, 13, 15, 20] [10, 12, 14] Pr: 2^{-54.654}  31 paths [10, 12, 14] [6, 9, 10, 14, 16] #elements: 16384
Testing 14336/29192 [6, 10, 13, 16, 25, 26] [7, 12, 24] Pr: 2^{-54.654}  31 paths [7, 12, 24] [6, 9, 10, 14, 16] #elements: 4096
Testing 15360/29192 [6, 10, 12, 13, 20, 22, 23, 24, 26, 29, 30] [11, 12, 22, 28] Pr: 2^{-54.661}  37 paths [11, 12, 22, 28] [6, 10, 14, 22, 26] #elements: 262144
Testing 16384/29192 [6, 10, 13, 16, 22, 26, 30, 35, 42] [12, 14, 28, 34] Pr: 2^{-54.661}  37 paths [12, 14, 28, 34] [6, 10, 14, 22, 26] #elements: 262144
Testing 17408/29192 [6, 10, 13, 16, 22, 26, 29, 30, 35, 42] [12, 14, 28, 34] Pr: 2^{-54.661}  37 paths [12, 14, 28, 34] [6, 10, 14, 22, 26] #elements: 262144
Testing 18432/29192 [6, 8, 9, 10, 22, 29, 30, 36] [7, 12, 18, 28] Pr: 2^{-54.661}  37 paths [7, 12, 18, 28] [6, 10, 14, 22, 26] #elements: 65536
Testing 19456/29192 [6, 10, 13, 20, 22, 25, 26, 28, 29, 30, 31] [12, 23, 27, 28] Pr: 2^{-54.661}  37 paths [12, 23, 27, 28] [6, 10, 14, 22, 26] #elements: 262144
Testing 20480/29192 [6, 10, 16, 20, 26, 30, 32, 36] [12, 14, 28, 30] Pr: 2^{-54.661}  37 paths [12, 14, 28, 30] [6, 10, 14, 22, 26] #elements: 65536
Testing 21504/29192 [6, 9, 10, 16, 17, 20, 22, 23, 26, 29, 30] [12, 15, 28] Pr: 2^{-54.661}  37 paths [12, 15, 28] [6, 9, 10, 14, 22, 26] #elements: 262144
Testing 22528/29192 [6, 10, 13, 17, 19, 22, 26, 29, 30, 36] [12, 15, 18, 28] Pr: 2^{-54.661}  37 paths [12, 15, 18, 28] [6, 10, 14, 22, 26] #elements: 262144
Testing 23552/29192 [6, 10, 13, 16, 26, 29, 30] [12, 14, 27, 28] Pr: 2^{-54.661}  37 paths [12, 14, 27, 28] [6, 10, 14, 22, 26] #elements: 16384
Testing 24576/29192 [6, 10, 13, 16, 17, 20, 22, 23, 30] [12, 15, 18, 28] Pr: 2^{-54.661}  37 paths [12, 15, 18, 28] [6, 10, 14, 22, 26] #elements: 262144
Testing 25600/29192 [6, 10, 13, 25, 29, 30, 42] [12, 24, 28, 34] Pr: 2^{-54.707}  36 paths [12, 24, 28, 34] [6, 10, 14, 26] #elements: 16384
Testing 26624/29192 [6, 10, 12, 13, 19, 25, 29, 30, 32] [11, 12, 24, 28] Pr: 2^{-54.707}  36 paths [11, 12, 24, 28] [6, 10, 14, 26] #elements: 262144
Sorting 6096 elements w.r.t. probability
Storing 6096 differences
1 [8, 11, 18] [6, 10] Pr: 2^{-50.178}  40 paths [6, 10] [12]
2 [7, 8, 14, 18] [6, 10] Pr: 2^{-50.178}  40 paths [6, 10] [12]
3 [7, 8, 11, 14] [6, 10] Pr: 2^{-50.178}  40 paths [6, 10] [12]
sqrt(Sum Pr^2): 2^{-47.61}
-------------------------------------
Round 15
-------------------------------------
Testing 1024/6096 [8, 13, 14, 18, 20, 21] [6, 10, 12, 19] Pr: 2^{-55.403}  35 paths [6, 10, 12, 19] [11, 12] #elements: 4096
Testing 2048/6096 [7, 8, 14, 15, 19, 24, 25] [6, 10, 17, 23] Pr: 2^{-55.777}  34 paths [6, 10, 17, 23] [12, 15] #elements: 16384
Testing 3072/6096 [8, 14, 18, 20, 22, 28] [6, 10, 12, 20] Pr: 2^{-56.403}  33 paths [6, 10, 12, 20] [11, 12] #elements: 4096
Testing 4096/6096 [8, 11, 14, 17, 24] [6, 10, 16, 22] Pr: 2^{-56.988}  32 paths [6, 10, 16, 22] [12, 14] #elements: 1024
Testing 5120/6096 [8, 11, 22, 24, 25, 26, 31] [6, 10, 23, 24] Pr: 2^{-56.988}  32 paths [6, 10, 23, 24] [12, 22] #elements: 16384
Sorting 4520 elements w.r.t. probability
Storing 4520 differences
1 [6, 9, 16] [8] Pr: 2^{-51.935}  42 paths [8] [6, 10]
2 [6] [8] Pr: 2^{-51.935}  42 paths [8] [6, 10]
3 [6, 16] [8] Pr: 2^{-51.935}  42 paths [8] [6, 10]
sqrt(Sum Pr^2): 2^{-50.156}
-------------------------------------
Round 16
-------------------------------------
Testing 1024/4520 [6, 9, 13, 16, 19, 20, 22] [8, 11, 14, 18] Pr: 2^{-57.178}  41 paths [8, 11, 14, 18] [6, 10] #elements: 16384
Testing 2048/4520 [6, 9, 12, 15, 17, 19, 23] [7, 8, 11, 15] Pr: 2^{-58.219}  41 paths [7, 8, 11, 15] [6, 10, 13] #elements: 16384
Testing 3072/4520 [6, 9, 16, 20, 25] [8, 17, 18] Pr: 2^{-58.698}  37 paths [8, 17, 18] [6, 10, 16] #elements: 1024
Testing 4096/4520 [6, 9, 19, 20, 32] [8, 18, 24] Pr: 2^{-59.698}  36 paths [8, 18, 24] [6, 10, 16] #elements: 1024
Sorting 1116 elements w.r.t. probability
Storing 1116 differences
1 [] [6] Pr: 2^{-53.239}  45 paths [6] [8]
2 [14] [6] Pr: 2^{-53.239}  45 paths [6] [8]
3 [7] [6] Pr: 2^{-53.239}  45 paths [6] [8]
sqrt(Sum Pr^2): 2^{-51.816}
-------------------------------------
Round 17
-------------------------------------
Testing 1024/1116 [9, 10, 23, 24, 30] [6, 8, 22] Pr: 2^{-60.946}  42 paths [6, 8, 22] [7, 8, 14] #elements: 1024
Sorting 265 elements w.r.t. probability
Storing 265 differences
1 [6] [] Pr: 2^{-53.239}  45 paths [] [6]
2 [6, 8, 9, 15] [7] Pr: 2^{-55.239}  45 paths [7] [6]
3 [6, 9, 15] [7] Pr: 2^{-55.239}  45 paths [7] [6]
sqrt(Sum Pr^2): 2^{-52.858}
-------------------------------------
Round 18
-------------------------------------
Sorting 324 elements w.r.t. probability
Storing 324 differences
1 [7, 8] [6] Pr: 2^{-55.239}  45 paths [6] []
2 [8, 14] [6] Pr: 2^{-55.239}  45 paths [6] []
3 [7, 8, 14] [6] Pr: 2^{-55.239}  45 paths [6] []
sqrt(Sum Pr^2): 2^{-54.205}
-------------------------------------
Round 19
-------------------------------------
Sorting 134 elements w.r.t. probability
Storing 134 differences
1 [6, 10] [8] Pr: 2^{-57.239}  45 paths [8] [6]
2 [6, 9, 10, 16] [8] Pr: 2^{-57.239}  45 paths [8] [6]
3 [6, 9, 10] [8] Pr: 2^{-57.239}  45 paths [8] [6]
sqrt(Sum Pr^2): 2^{-55.888}
-------------------------------------
Round 20
-------------------------------------
1 [12, 14] [6, 10] Pr: 2^{-60.539}  48 paths [6, 10] [8]
2 [11, 12, 14, 18] [6, 10] Pr: 2^{-60.539}  48 paths [6, 10] [8]
3 [12, 14, 18] [6, 10] Pr: 2^{-60.539}  48 paths [6, 10] [8]
sqrt(Sum Pr^2): 2^{-58.141}
-------------------------------------
Round 21
-------------------------------------
Testing 1024/2512 [12, 16] [6, 10, 15, 16] Pr: 2^{-65.917}  47 paths [6, 10, 15, 16] [7, 8] #elements: 16
Testing 2048/2512 [12] [6, 8, 9, 10] Pr: 2^{-66.654}  46 paths [6, 8, 9, 10] [7, 8] #elements: 4
Sorting 7154 elements w.r.t. probability
Storing 7154 differences
1 [6, 10, 14] [12] Pr: 2^{-62.539}  48 paths [12] [6, 10]
2 [6, 10, 14, 20] [12] Pr: 2^{-62.539}  48 paths [12] [6, 10]
3 [6, 10, 13, 14, 20] [12] Pr: 2^{-62.539}  48 paths [12] [6, 10]
sqrt(Sum Pr^2): 2^{-60.699}
-------------------------------------
Round 22
-------------------------------------
Testing 1024/7154 [6, 8, 9, 10, 14, 15, 16, 19, 20, 26] [7, 12, 14, 18] Pr: 2^{-67.539}  49 paths [7, 12, 14, 18] [6, 10] #elements: 262144
Testing 2048/7154 [6, 9, 10, 13, 14, 16, 19, 25] [7, 12, 17] Pr: 2^{-68.539}  48 paths [7, 12, 17] [6, 10, 16] #elements: 65536
Testing 3072/7154 [6, 9, 10, 13, 14, 16, 19, 20] [7, 12, 18] Pr: 2^{-68.539}  48 paths [7, 12, 18] [6, 10, 16] #elements: 65536
Testing 4096/7154 [6, 9, 10, 13, 14, 19] [7, 11, 12, 14] Pr: 2^{-69.539}  49 paths [7, 11, 12, 14] [6, 10, 16] #elements: 4096
Testing 5120/7154 [6, 10, 14, 15, 18, 19, 26] [12, 17, 18] Pr: 2^{-69.917}  47 paths [12, 17, 18] [6, 10, 15] #elements: 16384
Testing 6144/7154 [6, 8, 9, 10, 14, 16, 18, 19, 26] [7, 12, 17, 24] Pr: 2^{-70.539}  48 paths [7, 12, 17, 24] [6, 10, 16] #elements: 262144
Sorting 17088 elements w.r.t. probability
Storing 17088 differences
1 [7, 8, 16, 18, 22] [6, 10, 14] Pr: 2^{-67.671}  55 paths [6, 10, 14] [12]
2 [7, 8, 14, 15, 16, 18] [6, 10, 14] Pr: 2^{-67.671}  55 paths [6, 10, 14] [12]
3 [7, 8, 11, 16, 18, 22] [6, 10, 14] Pr: 2^{-67.671}  55 paths [6, 10, 14] [12]
sqrt(Sum Pr^2): 2^{-64.124}
-------------------------------------
Round 23
-------------------------------------
Testing 1024/17088 [7, 8, 11, 15, 16, 17] [6, 9, 10, 14] Pr: 2^{-70.954}  53 paths [6, 9, 10, 14] [12] #elements: 4096
Testing 2048/17088 [7, 8, 16, 27] [6, 10, 13, 14, 19] Pr: 2^{-72.217}  53 paths[6, 10, 13, 14, 19] [12, 18] #elements: 256
Testing 3072/17088 [8, 11, 15, 16, 18, 22, 24] [6, 10, 13, 14, 16] Pr: 2^{-72.539}  51 paths [6, 10, 13, 14, 16] [12] #elements: 16384
Testing 4096/17088 [7, 8, 11, 15, 16, 18, 21, 27] [6, 10, 12, 14, 19] Pr: 2^{-72.954}  51 paths [6, 10, 12, 14, 19] [11, 12] #elements: 65536
Testing 5120/17088 [8, 14, 15, 16, 20, 21, 22] [6, 10, 12, 13, 14] Pr: 2^{-72.954}  51 paths [6, 10, 12, 13, 14] [11, 12] #elements: 16384
Testing 6144/17088 [7, 8, 16, 21, 27, 28] [6, 10, 14, 19, 20] Pr: 2^{-73.217}  50 paths [6, 10, 14, 19, 20] [11, 12] #elements: 4096
Testing 7168/17088 [8, 11, 14, 16, 18, 21, 22] [6, 9, 10, 14, 20] Pr: 2^{-73.539}  49 paths [6, 9, 10, 14, 20] [7, 12] #elements: 16384
Testing 8192/17088 [7, 8, 11, 15, 16, 24, 28] [6, 10, 14, 16, 20] Pr: 2^{-73.539}  49 paths [6, 10, 14, 16, 20] [12] #elements: 16384
Testing 9216/17088 [7, 8, 11, 14, 16, 18, 22] [6, 10, 14, 20, 26] Pr: 2^{-73.954}  49 paths [6, 10, 14, 20, 26] [12, 18] #elements: 16384
Testing 10240/17088 [8, 11, 15, 16, 20, 28] [6, 10, 12, 14, 20] Pr: 2^{-73.954} 49 paths [6, 10, 12, 14, 20] [11, 12] #elements: 4096
Testing 11264/17088 [7, 8, 11, 15, 16, 18, 22, 24] [6, 10, 14, 22] Pr: 2^{-74.406}  49 paths [6, 10, 14, 22] [12, 14] #elements: 65536
Testing 12288/17088 [8, 11, 14, 18, 22] [6, 8, 9, 10, 14] Pr: 2^{-74.539}  48 paths [6, 8, 9, 10, 14] [7, 12] #elements: 1024
Testing 13312/17088 [8, 14, 15, 16, 18, 22, 30] [6, 10, 14, 16, 22] Pr: 2^{-74.539}  48 paths [6, 10, 14, 16, 22] [12, 14] #elements: 16384
Testing 14336/17088 [8, 11, 16, 18, 30] [6, 10, 14, 16, 22] Pr: 2^{-74.539}  48 paths [6, 10, 14, 16, 22] [12, 14] #elements: 1024
Testing 15360/17088 [7, 8, 11, 13, 14, 16, 27, 28] [6, 10, 12, 14, 26] Pr: 2^{-75.539}  49 paths [6, 10, 12, 14, 26] [11, 12, 18] #elements: 65536
Sorting 31684 elements w.r.t. probability
Storing 31684 differences
1 [6, 9, 14, 17, 18] [8, 16] Pr: 2^{-71.361}  58 paths [8, 16] [6, 10, 14]
2 [6, 14, 17, 18, 24] [8, 16] Pr: 2^{-71.361}  58 paths [8, 16] [6, 10, 14]
3 [6, 14, 16, 17, 18, 24] [8, 16] Pr: 2^{-71.361}  58 paths [8, 16] [6, 10, 14]
sqrt(Sum Pr^2): 2^{-68.119}
-------------------------------------
Round 24
-------------------------------------
Testing 1024/31684 [6, 9, 14, 15, 16, 17, 18, 23, 24] [8, 14, 15, 16] Pr: 2^{-74.671}  56 paths [8, 14, 15, 16] [6, 10, 14] #elements: 262144
Testing 2048/31684 [6, 9, 13, 14, 17, 18, 23, 24] [8, 11, 15, 16, 22] Pr: 2^{-75.671}  58 paths [8, 11, 15, 16, 22] [6, 10, 14] #elements: 65536
Testing 3072/31684 [6, 9, 13, 14, 17, 18, 19, 22] [8, 11, 14, 16] Pr: 2^{-75.671}  55 paths [8, 11, 14, 16] [6, 10, 14] #elements: 65536
Testing 4096/31684 [6, 14, 15, 17, 18] [7, 8, 15, 16, 22] Pr: 2^{-75.671}  58 paths [7, 8, 15, 16, 22] [6, 10, 14] #elements: 1024
Testing 5120/31684 [6, 13, 14, 18, 23, 29] [8, 14, 16, 21] Pr: 2^{-75.721}  60 paths [8, 14, 16, 21] [6, 10, 13, 14] #elements: 4096
Testing 6144/31684 [6, 9, 13, 14, 17, 18, 22, 29] [8, 15, 16, 21] Pr: 2^{-75.721}  60 paths [8, 15, 16, 21] [6, 10, 13, 14] #elements: 65536
Testing 7168/31684 [6, 9, 13, 14, 17, 18, 20, 23, 30] [8, 16, 22] Pr: 2^{-75.838}  63 paths [8, 16, 22] [6, 10, 13, 14, 20] #elements: 262144
Testing 8192/31684 [6, 12, 13, 14, 18, 20, 26] [8, 11, 14, 16, 18] Pr: 2^{-76.671}  56 paths [8, 11, 14, 16, 18] [6, 10, 14] #elements: 16384
Testing 9216/31684 [6, 9, 14, 18, 20, 22] [8, 14, 15, 16, 18] Pr: 2^{-76.671}  56 paths [8, 14, 15, 16, 18] [6, 10, 14] #elements: 4096
Testing 10240/31684 [6, 8, 9, 14, 15, 16, 18, 19, 20, 24, 26] [7, 8, 15, 16, 18] Pr: 2^{-76.671}  56 paths [7, 8, 15, 16, 18] [6, 10, 14] #elements: 262144
Testing 11264/31684 [6, 14, 16, 17, 18, 20, 23, 26] [7, 8, 15, 16, 18] Pr: 2^{-76.671}  56 paths [7, 8, 15, 16, 18] [6, 10, 14] #elements: 65536
Testing 12288/31684 [6, 8, 13, 14, 15, 18, 24, 30] [7, 8, 15, 16, 22] Pr: 2^{-76.721}  62 paths [7, 8, 15, 16, 22] [6, 10, 13, 14] #elements: 65536
Testing 13312/31684 [6, 9, 13, 14, 16, 17, 18] [7, 8, 14, 15, 16] Pr: 2^{-76.721}  62 paths [7, 8, 14, 15, 16] [6, 10, 13, 14] #elements: 16384
Testing 14336/31684 [6, 12, 14, 16, 18, 19, 22, 23, 29] [8, 11, 16, 21] Pr: 2^{-76.721}  59 paths [8, 11, 16, 21] [6, 10, 13, 14] #elements: 262144
Testing 15360/31684 [6, 13, 14, 17, 18, 20, 23, 26] [8, 16, 18, 21] Pr: 2^{-76.721}  59 paths [8, 16, 18, 21] [6, 10, 13, 14] #elements: 65536
Testing 16384/31684 [6, 13, 14, 16, 18, 19, 20, 24] [7, 8, 16, 18] Pr: 2^{-76.721}  59 paths [7, 8, 16, 18] [6, 10, 13, 14] #elements: 65536
Testing 17408/31684 [6, 9, 13, 14, 16, 17, 18, 20, 22, 23, 24, 29] [8, 16, 18, 21] Pr: 2^{-76.721}  59 paths [8, 16, 18, 21] [6, 10, 13, 14] #elements: 262144
Testing 18432/31684 [6, 9, 14, 17, 18, 26] [8, 11, 16, 18] Pr: 2^{-76.838}  64 paths [8, 11, 16, 18] [6, 10, 13, 14, 20] #elements: 4096
Testing 19456/31684 [6, 12, 14, 18, 19, 24] [8, 11, 16, 18] Pr: 2^{-76.838}  64 paths [8, 11, 16, 18] [6, 10, 13, 14, 20] #elements: 4096
Testing 20480/31684 [6, 12, 13, 14, 15, 16, 18, 30] [7, 8, 11, 16, 22] Pr: 2^{-77.671}  55 paths [7, 8, 11, 16, 22] [6, 10, 14] #elements: 65536
Testing 21504/31684 [6, 14, 16, 17, 18, 20, 23, 26, 30] [7, 8, 16, 18, 22] Pr: 2^{-77.671}  55 paths [7, 8, 16, 18, 22] [6, 10, 14] #elements: 262144
Testing 22528/31684 [6, 14, 16, 17, 18, 19, 20, 24, 26, 30] [7, 8, 16, 18, 22] Pr: 2^{-77.671}  55 paths [7, 8, 16, 18, 22] [6, 10, 14] #elements: 262144
Testing 23552/31684 [6, 9, 14, 17, 18, 23] [8, 11, 15, 16, 21] Pr: 2^{-77.721} 60 paths [8, 11, 15, 16, 21] [6, 10, 13, 14] #elements: 4096
Testing 24576/31684 [6, 9, 12, 14, 18, 22, 24, 29] [8, 11, 15, 16, 21] Pr: 2^{-77.721}  60 paths [8, 11, 15, 16, 21] [6, 10, 13, 14] #elements: 65536
Testing 25600/31684 [6, 9, 12, 14, 16, 18, 23, 24] [8, 11, 14, 16, 21] Pr: 2^{-77.721}  60 paths [8, 11, 14, 16, 21] [6, 10, 13, 14] #elements: 65536
Testing 26624/31684 [6, 14, 16, 18, 19, 24] [8, 11, 14, 15, 16] Pr: 2^{-77.721} 60 paths [8, 11, 14, 15, 16] [6, 10, 13, 14] #elements: 4096
Testing 27648/31684 [6, 13, 14, 16, 17, 18, 19, 20, 23, 24] [8, 14, 15, 16, 18] Pr: 2^{-77.721}  60 paths [8, 14, 15, 16, 18] [6, 10, 13, 14] #elements: 262144
Testing 28672/31684 [6, 9, 13, 14, 18, 19, 20, 26] [7, 8, 14, 16, 18] Pr: 2^{-77.721}  60 paths [7, 8, 14, 16, 18] [6, 10, 13, 14] #elements: 65536
Testing 29696/31684 [6, 9, 13, 14, 17, 18, 23] [7, 8, 15, 16, 21] Pr: 2^{-77.721}  60 paths [7, 8, 15, 16, 21] [6, 10, 13, 14] #elements: 16384
Sorting 24512 elements w.r.t. probability
Storing 24512 differences
1 [7, 14, 15, 19, 20, 22, 26] [6, 14, 18] Pr: 2^{-75.784}  66 paths [6, 14, 18]
[8, 15, 16]
2 [14, 20] [6, 14, 18] Pr: 2^{-75.784}  66 paths [6, 14, 18] [8, 15, 16]
3 [14, 15, 19, 20, 26] [6, 14, 18] Pr: 2^{-75.784}  66 paths [6, 14, 18] [8, 15, 16]
sqrt(Sum Pr^2): 2^{-72.164}
-------------------------------------
Round 25
-------------------------------------
Testing 1024/24512 [14, 15, 19, 20] [6, 13, 14, 18] Pr: 2^{-78.421}  65 paths [6, 13, 14, 18] [8, 16] #elements: 256
Testing 2048/24512 [7, 10, 11, 17, 18, 19, 20, 22, 24, 26] [6, 9, 14, 16, 18] Pr: 2^{-79.051}  66 paths [6, 9, 14, 16, 18] [8, 16] #elements: 262144
Testing 3072/24512 [7, 11, 14, 17, 19, 20, 22, 25, 26] [6, 9, 14, 17, 18] Pr: 2^{-80.051}  61 paths [6, 9, 14, 17, 18] [8, 16] #elements: 262144
Testing 4096/24512 [14, 18, 20, 22, 24, 25] [6, 14, 16, 18, 24] Pr: 2^{-80.051} 63 paths [6, 14, 16, 18, 24] [8, 15, 16] #elements: 4096
Testing 5120/24512 [11, 15, 19, 20, 22, 25, 32] [6, 9, 14, 18, 24] Pr: 2^{-80.371}  61 paths [6, 9, 14, 18, 24] [8, 16] #elements: 16384
Testing 6144/24512 [11, 17, 19, 20, 22, 32] [6, 9, 14, 18, 24] Pr: 2^{-80.371} 61 paths [6, 9, 14, 18, 24] [8, 16] #elements: 4096
Testing 7168/24512 [7, 14, 17, 18, 20, 22, 24, 25, 26, 31] [6, 14, 16, 18, 23] Pr: 2^{-80.796}  61 paths [6, 14, 16, 18, 23] [8, 15, 16] #elements: 262144
Testing 8192/24512 [14, 15, 17, 18, 20, 24, 26] [6, 13, 14, 16, 18] Pr: 2^{-80.802}  63 paths [6, 13, 14, 16, 18] [8, 16] #elements: 16384
Testing 9216/24512 [7, 19, 20, 23, 24, 26] [6, 14, 18, 22] Pr: 2^{-81.381}  56 paths [6, 14, 18, 22] [8, 14, 16] #elements: 4096
Testing 10240/24512 [7, 14, 15, 18, 19, 20] [6, 14, 18] Pr: 2^{-81.721}  53 paths [6, 14, 18] [8, 16, 18] #elements: 4096
Testing 11264/24512 [7, 11, 14, 15, 17, 18, 20, 22, 32] [6, 9, 14, 17, 18, 24] Pr: 2^{-81.783}  61 paths [6, 9, 14, 17, 18, 24] [8, 15, 16] #elements: 262144
Testing 12288/24512 [7, 10, 11, 15, 18, 19, 20, 26] [6, 9, 14, 16, 17, 18] Pr: 2^{-81.783}  61 paths [6, 9, 14, 16, 17, 18] [8, 16] #elements: 65536
Testing 13312/24512 [11, 15, 20, 22] [6, 9, 14, 16, 17, 18] Pr: 2^{-81.783}  61 paths [6, 9, 14, 16, 17, 18] [8, 16] #elements: 256
Testing 14336/24512 [10, 11, 19, 20] [6, 9, 14, 17, 18, 24] Pr: 2^{-81.783}  61 paths [6, 9, 14, 17, 18, 24] [8, 15, 16] #elements: 256
Testing 15360/24512 [10, 11, 14, 20, 22, 25] [6, 9, 14, 17, 18, 24] Pr: 2^{-81.783}  61 paths [6, 9, 14, 17, 18, 24] [8, 15, 16] #elements: 4096
Testing 16384/24512 [7, 11, 15, 18, 19, 20, 32] [6, 9, 14, 16, 18, 24] Pr: 2^{-81.783}  61 paths [6, 9, 14, 16, 18, 24] [8, 16] #elements: 16384
Testing 17408/24512 [17, 20, 22, 25, 26, 32] [6, 14, 16, 17, 18, 24] Pr: 2^{-81.783}  61 paths [6, 14, 16, 17, 18, 24] [8, 16] #elements: 4096
Testing 18432/24512 [14, 15, 20, 24, 25, 26, 31] [6, 14, 17, 18, 23] Pr: 2^{-81.796}  59 paths [6, 14, 17, 18, 23] [8, 15, 16] #elements: 16384
Testing 19456/24512 [10, 11, 14, 17, 19, 20, 24, 25, 26, 31] [6, 9, 14, 18, 23] Pr: 2^{-81.796}  58 paths [6, 9, 14, 18, 23] [8, 16, 22] #elements: 262144
Testing 20480/24512 [7, 15, 20, 22, 25, 32] [6, 14, 18, 23, 24] Pr: 2^{-82.381} 58 paths [6, 14, 18, 23, 24] [8, 15, 16] #elements: 4096
Testing 21504/24512 [18, 20, 26, 31, 32] [6, 14, 16, 18, 30] Pr: 2^{-82.381}  61 paths [6, 14, 16, 18, 30] [8, 15, 16, 22] #elements: 1024
Testing 22528/24512 [11, 15, 18, 19, 20, 22, 24, 25, 31] [6, 9, 14, 16, 18, 23] Pr: 2^{-82.381}  61 paths [6, 9, 14, 16, 18, 23] [8, 15, 16] #elements: 262144
Sorting 25456 elements w.r.t. probability
Storing 25456 differences
1 [6, 14, 18, 22, 28] [20] Pr: 2^{-77.784}  66 paths [20] [6, 14, 18]
2 [6, 14, 18, 21, 22, 28] [20] Pr: 2^{-77.784}  66 paths [20] [6, 14, 18]
3 [6, 14, 18, 22] [20] Pr: 2^{-77.784}  66 paths [20] [6, 14, 18]
sqrt(Sum Pr^2): 2^{-75.623}
-------------------------------------
Round 26
-------------------------------------
Testing 1024/25456 [6, 14, 17, 18, 21, 22, 26, 27] [20, 25] Pr: 2^{-81.938}  63 paths [20, 25] [6, 14, 17, 18] #elements: 65536
Testing 2048/25456 [6, 14, 17, 18, 21, 22, 24, 27, 28] [15, 19, 20, 22] Pr: 2^{-82.784}  67 paths [15, 19, 20, 22] [6, 14, 18] #elements: 262144
Testing 3072/25456 [6, 14, 18, 22, 23, 26, 27, 28, 33] [20, 25] Pr: 2^{-83.381} 60 paths [20, 25] [6, 14, 18, 23] #elements: 262144
Testing 4096/25456 [6, 8, 9, 14, 16, 17, 18, 22, 23, 24, 28, 30] [7, 14, 15, 20, 22] Pr: 2^{-83.784}  69 paths [7, 14, 15, 20, 22] [6, 14, 18] #elements: 262144
Testing 5120/25456 [6, 9, 14, 17, 18, 22, 23, 27, 34] [7, 15, 20, 26] Pr: 2^{-83.784}  66 paths [7, 15, 20, 26] [6, 14, 18] #elements: 262144
Testing 6144/25456 [6, 14, 15, 18, 19, 20, 21, 26, 28] [14, 18, 20] Pr: 2^{-83.885}  62 paths [14, 18, 20] [6, 14, 16, 18] #elements: 262144
Testing 7168/25456 [6, 8, 9, 14, 15, 17, 18, 19, 20, 21, 22, 28] [7, 18, 20] Pr: 2^{-83.938}  63 paths [7, 18, 20] [6, 14, 17, 18] #elements: 262144
Testing 8192/25456 [6, 14, 16, 18, 28, 30] [14, 20, 22] Pr: 2^{-83.938}  63 paths [14, 20, 22] [6, 14, 18, 24] #elements: 4096
Testing 9216/25456 [6, 14, 16, 18, 23, 28] [14, 20, 22] Pr: 2^{-83.938}  63 paths [14, 20, 22] [6, 14, 18, 24] #elements: 4096
Testing 10240/25456 [6, 8, 9, 13, 14, 17, 18, 21, 22, 23, 28] [7, 15, 20] Pr: 2^{-84.421}  65 paths [7, 15, 20] [6, 13, 14, 18] #elements: 262144
Testing 11264/25456 [6, 14, 16, 17, 18, 22, 23, 24, 28] [14, 15, 19, 20, 22] Pr: 2^{-84.784}  67 paths [14, 15, 19, 20, 22] [6, 14, 18] #elements: 262144
Testing 12288/25456 [6, 9, 14, 18, 22, 23, 24, 28, 30, 34] [7, 19, 20, 22, 26] Pr: 2^{-84.784}  67 paths [7, 19, 20, 22, 26] [6, 14, 18] #elements: 262144
Testing 13312/25456 [6, 14, 17, 18, 23, 24, 30] [14, 15, 19, 20, 22] Pr: 2^{-84.784}  67 paths [14, 15, 19, 20, 22] [6, 14, 18] #elements: 16384
Testing 14336/25456 [6, 14, 15, 16, 18, 20, 22, 23, 24, 27, 28, 30] [14, 19, 20, 22, 26] Pr: 2^{-84.784}  67 paths [14, 19, 20, 22, 26] [6, 14, 18] #elements: 262144
Testing 15360/25456 [6, 8, 9, 14, 15, 17, 18, 22, 23, 28] [7, 14, 15, 19, 20] Pr: 2^{-84.784}  67 paths [7, 14, 15, 19, 20] [6, 14, 18] #elements: 262144
Testing 16384/25456 [6, 8, 9, 14, 17, 18, 22, 28] [7, 20, 22] Pr: 2^{-84.885}  65 paths [7, 20, 22] [6, 14, 17, 18, 24] #elements: 65536
Testing 17408/25456 [6, 14, 16, 18, 19, 21, 22, 23, 24, 30] [18, 19, 20, 22] Pr: 2^{-85.885}  62 paths [18, 19, 20, 22] [6, 14, 16, 18] #elements: 262144
Testing 18432/25456 [6, 8, 9, 14, 16, 17, 18, 21, 22, 23, 24, 27, 30, 34] [7, 14, 15, 19, 20, 22, 26] Pr: 2^{-86.784}  73 paths [7, 14, 15, 19, 20, 22, 26] [6, 14, 18] #elements: 262144
Testing 19456/25456 [6, 9, 14, 15, 17, 18, 20, 23, 24, 34] [7, 14, 15, 19, 20, 22, 26] Pr: 2^{-86.784}  73 paths [7, 14, 15, 19, 20, 22, 26] [6, 14, 18] #elements: 262144
Testing 20480/25456 [6, 9, 14, 15, 16, 17, 18, 20, 22, 26] [7, 15, 18, 19, 20] Pr: 2^{-87.885}  62 paths [7, 15, 18, 19, 20] [6, 14, 16, 18] #elements: 262144
Testing 21504/25456 [6, 14, 15, 18, 22, 25, 27, 28, 32, 34] [14, 18, 19, 20, 24, 26] Pr: 2^{-88.885}  63 paths [14, 18, 19, 20, 24, 26] [6, 14, 16, 18] #elements: 262144
Testing 22528/25456 [6, 14, 18, 20, 22, 24, 26, 28] [14, 17, 18, 20, 22, 24] Pr: 2^{-88.885}  63 paths [14, 17, 18, 20, 22, 24] [6, 14, 16, 18] #elements: 65536
Testing 23552/25456 [6, 14, 20, 21, 23, 24, 26, 30] [14, 17, 18, 20, 22, 24] Pr: 2^{-89.885}  62 paths [14, 17, 18, 20, 22, 24] [6, 14, 16, 18] #elements: 65536
Sorting 32000 elements w.r.t. probability
Storing 32000 differences
1 [7, 8, 15, 16, 22, 24, 26] [6, 14, 18, 22] Pr: 2^{-84.979}  71 paths [6, 14, 18, 22] [20]
2 [8, 16, 19, 22, 24, 26] [6, 14, 18, 22] Pr: 2^{-84.979}  71 paths [6, 14, 18, 22] [20]
3 [7, 8, 15, 16, 19, 22, 24, 30] [6, 14, 18, 22] Pr: 2^{-84.979}  71 paths [6, 14, 18, 22] [20]
sqrt(Sum Pr^2): 2^{-80.42}
-------------------------------------
Round 27
-------------------------------------
Testing 1024/32000 [8, 14, 16, 22, 23, 24, 26, 30, 36] [6, 14, 18, 22, 28] Pr: 2^{-87.026}  70 paths [6, 14, 18, 22, 28] [20] #elements: 262144
Testing 2048/32000 [7, 8, 14, 15, 16, 19, 22, 24, 26, 29] [6, 14, 18, 21, 22, 28] Pr: 2^{-87.084}  81 paths [6, 14, 18, 21, 22, 28] [20] #elements: 262144
Testing 3072/32000 [8, 16, 23, 24, 26, 29] [6, 14, 18, 22, 27] Pr: 2^{-88.462} 68 paths [6, 14, 18, 22, 27] [20, 26] #elements: 4096
Testing 4096/32000 [8, 14, 15, 16, 18, 19, 22, 23, 26] [6, 14, 16, 18, 21] Pr: 2^{-88.784}  67 paths [6, 14, 16, 18, 21] [14, 20] #elements: 262144
Testing 5120/32000 [8, 14, 15, 16, 19, 22, 23, 24, 26, 30] [6, 14, 17, 18, 22] Pr: 2^{-88.859}  67 paths [6, 14, 17, 18, 22] [15, 20] #elements: 262144
Testing 6144/32000 [7, 8, 14, 15, 16, 23, 24, 26] [6, 14, 17, 18, 22] Pr: 2^{-88.859}  67 paths [6, 14, 17, 18, 22] [15, 20] #elements: 65536
Testing 7168/32000 [7, 8, 16, 17, 18, 19, 22, 23, 24, 26, 30] [6, 14, 16, 18, 22] Pr: 2^{-89.183}  66 paths [6, 14, 16, 18, 22] [15, 20] #elements: 262144
Testing 8192/32000 [7, 8, 14, 16, 19, 24, 28, 30] [6, 14, 18, 20, 22] Pr: 2^{-89.199}  67 paths [6, 14, 18, 20, 22] [19, 20] #elements: 65536
Testing 9216/32000 [7, 8, 14, 15, 16, 21, 24, 30] [6, 13, 14, 18, 22] Pr: 2^{-89.421}  66 paths [6, 13, 14, 18, 22] [20] #elements: 65536
Testing 10240/32000 [8, 14, 16, 24, 26, 28, 29] [6, 14, 18, 21, 22, 27] Pr: 2^{-89.462}  72 paths [6, 14, 18, 21, 22, 27] [19, 20, 26] #elements: 16384
Testing 11264/32000 [7, 8, 14, 16, 22, 23, 24, 26, 29, 30] [6, 14, 18, 21, 22, 27] Pr: 2^{-89.462}  72 paths [6, 14, 18, 21, 22, 27] [19, 20, 26] #elements: 262144
Testing 12288/32000 [7, 8, 15, 16, 18, 19] [6, 14, 17, 18] Pr: 2^{-89.784}  66 paths [6, 14, 17, 18] [14, 15, 20] #elements: 4096
Testing 13312/32000 [8, 14, 16, 17, 18, 19, 24, 30, 36] [6, 14, 16, 18, 28] Pr: 2^{-89.784}  66 paths [6, 14, 16, 18, 28] [14, 20] #elements: 262144
Testing 14336/32000 [7, 8, 15, 16, 17, 18, 19, 22, 23, 24, 30] [6, 14, 16, 18, 21, 28] Pr: 2^{-89.784}  69 paths [6, 14, 16, 18, 21, 28] [14, 20] #elements: 262144
Testing 15360/32000 [8, 14, 15, 16, 18, 24] [6, 14, 15, 16, 18] Pr: 2^{-89.784} 66 paths [6, 14, 15, 16, 18] [14, 20] #elements: 4096
Testing 16384/32000 [7, 8, 14, 16, 24, 29, 30, 32] [6, 14, 18, 21, 22, 24] Pr: 2^{-89.859}  69 paths [6, 14, 18, 21, 22, 24] [20, 22] #elements: 65536
Testing 17408/32000 [8, 15, 16, 24, 26, 30] [6, 14, 17, 18, 21, 22] Pr: 2^{-89.859}  69 paths [6, 14, 17, 18, 21, 22] [15, 20] #elements: 4096
Testing 18432/32000 [7, 8, 14, 15, 16, 18, 19, 24, 25, 29, 30] [6, 14, 17, 18, 21, 22] Pr: 2^{-89.859}  69 paths [6, 14, 17, 18, 21, 22] [15, 20] #elements: 262144
Testing 19456/32000 [8, 14, 15, 16, 22, 23, 24, 26, 30, 32] [6, 14, 18, 21, 22, 24] Pr: 2^{-89.859}  69 paths [6, 14, 18, 21, 22, 24] [20, 22] #elements: 262144
Testing 20480/32000 [8, 15, 16, 19, 22, 24, 29, 30, 35, 36] [6, 14, 18, 21, 22, 34] Pr: 2^{-90.199}  69 paths [6, 14, 18, 21, 22, 34] [20, 26] #elements: 262144
Testing 21504/32000 [8, 15, 16, 19, 23, 24, 29, 36, 42] [6, 14, 18, 21, 22, 34] Pr: 2^{-90.199}  69 paths [6, 14, 18, 21, 22, 34] [20, 26] #elements: 262144
Testing 22528/32000 [7, 8, 15, 16, 19, 23, 24, 35, 36] [6, 14, 18, 21, 22, 34] Pr: 2^{-90.199}  69 paths [6, 14, 18, 21, 22, 34] [20, 26] #elements: 262144
Testing 23552/32000 [7, 8, 16, 24, 26, 29, 36] [6, 14, 18, 21, 22, 34] Pr: 2^{-90.199}  69 paths [6, 14, 18, 21, 22, 34] [20, 26] #elements: 16384
Testing 24576/32000 [8, 15, 16, 21, 23, 24, 29, 30] [6, 14, 18, 20, 21, 22] Pr: 2^{-90.199}  69 paths [6, 14, 18, 20, 21, 22] [19, 20] #elements: 65536
Testing 25600/32000 [8, 16, 23, 24, 26] [6, 14, 18, 20, 21, 22] Pr: 2^{-90.199} 69 paths [6, 14, 18, 20, 21, 22] [19, 20] #elements: 1024
Testing 26624/32000 [7, 8, 15, 16, 19, 23, 24, 26, 29, 30] [6, 14, 18, 20, 21, 22] Pr: 2^{-90.199}  69 paths [6, 14, 18, 20, 21, 22] [19, 20] #elements: 262144
Testing 27648/32000 [7, 8, 15, 16, 21, 24, 29, 30] [6, 13, 14, 18, 21, 22] Pr: 2^{-90.421}  68 paths [6, 13, 14, 18, 21, 22] [20] #elements: 65536
Testing 28672/32000 [8, 14, 16, 19, 22, 24, 30] [6, 13, 14, 18, 21, 22] Pr: 2^{-90.421}  68 paths [6, 13, 14, 18, 21, 22] [20] #elements: 16384
Testing 29696/32000 [7, 8, 14, 15, 16, 19, 24, 28, 29, 36] [6, 14, 18, 22, 27, 28] Pr: 2^{-90.462}  69 paths [6, 14, 18, 22, 27, 28] [19, 20, 26] #elements: 262144
Sorting 32656 elements w.r.t. probability
Storing 32656 differences
1 [6, 10, 14, 22, 24, 26] [8, 16, 24] Pr: 2^{-90.884}  72 paths [8, 16, 24] [6, 14, 18, 22]
2 [6, 9, 10, 14, 16, 17, 22, 26] [8, 16, 24] Pr: 2^{-90.884}  72 paths [8, 16, 24] [6, 14, 18, 22]
3 [6, 9, 10, 14, 17, 22, 24, 26] [8, 16, 24] Pr: 2^{-90.884}  72 paths [8, 16, 24] [6, 14, 18, 22]
sqrt(Sum Pr^2): 2^{-86.424}
-------------------------------------
Round 28
-------------------------------------
Testing 1024/32656 [6, 10, 14, 16, 17, 22, 23, 24, 26, 30, 32] [8, 15, 16, 22, 24] Pr: 2^{-92.979}  74 paths [8, 15, 16, 22, 24] [6, 14, 18, 22] #elements: 262144
Testing 2048/32656 [6, 10, 14, 22, 25, 26] [8, 14, 16, 24] Pr: 2^{-92.979}  71 paths [8, 14, 16, 24] [6, 14, 18, 22] #elements: 4096
Testing 3072/32656 [6, 9, 10, 14, 17, 22, 24, 25, 26, 30] [8, 15, 16, 22, 23, 24] Pr: 2^{-93.979}  78 paths [8, 15, 16, 22, 23, 24] [6, 14, 18, 22] #elements: 262144
Testing 4096/32656 [6, 10, 14, 17, 22, 24, 26, 27, 28] [8, 15, 16, 24, 26] Pr: 2^{-93.979}  72 paths [8, 15, 16, 24, 26] [6, 14, 18, 22] #elements: 262144
Testing 5120/32656 [6, 10, 14, 16, 22, 23, 26, 27, 28, 32, 34] [8, 15, 16, 24, 26] Pr: 2^{-93.979}  72 paths [8, 15, 16, 24, 26] [6, 14, 18, 22] #elements: 262144
Testing 6144/32656 [6, 9, 10, 14, 16, 22, 26] [8, 16, 22, 23, 24] Pr: 2^{-93.979}  72 paths [8, 16, 22, 23, 24] [6, 14, 18, 22] #elements: 16384
Testing 7168/32656 [6, 10, 14, 16, 17, 21, 22, 24, 25, 26, 28, 32, 34] [8, 16, 19, 24, 26] Pr: 2^{-93.979}  72 paths [8, 16, 19, 24, 26] [6, 14, 18, 22] #elements: 262144
Testing 8192/32656 [6, 10, 14, 22, 23, 26, 38] [8, 15, 16, 24, 30] Pr: 2^{-93.979}  72 paths [8, 15, 16, 24, 30] [6, 14, 18, 22] #elements: 16384
Testing 9216/32656 [6, 9, 10, 14, 15, 16, 17, 22, 25, 26, 32] [8, 14, 16, 23, 24] Pr: 2^{-93.979}  72 paths [8, 14, 16, 23, 24] [6, 14, 18, 22] #elements: 262144
Testing 10240/32656 [6, 10, 14, 21, 22, 25, 26] [8, 15, 16, 22, 24] Pr: 2^{-94.026}  78 paths [8, 15, 16, 22, 24] [6, 14, 18, 21, 22] #elements: 16384
Testing 11264/32656 [6, 10, 14, 21, 22, 24, 25, 26, 27, 28, 34] [8, 16, 24, 26] Pr: 2^{-94.026}  75 paths [8, 16, 24, 26] [6, 14, 18, 21, 22] #elements: 262144
Testing 12288/32656 [6, 9, 10, 14, 21, 22, 26, 28, 31, 32] [8, 16, 23, 24] Pr: 2^{-94.084}  82 paths [8, 16, 23, 24] [6, 14, 18, 21, 22, 28] #elements: 262144
Testing 13312/32656 [6, 10, 14, 21, 22, 25, 26, 31] [8, 16, 19, 23, 24, 30] Pr: 2^{-94.979}  74 paths [8, 16, 19, 23, 24, 30] [6, 14, 18, 22] #elements: 65536
Testing 14336/32656 [6, 10, 14, 16, 22, 24, 26, 28, 31, 32, 34] [8, 16, 24, 26, 30] Pr: 2^{-94.979}  71 paths [8, 16, 24, 26, 30] [6, 14, 18, 22] #elements: 262144
Testing 15360/32656 [6, 9, 10, 14, 16, 20, 21, 22, 24, 26, 27, 28, 34] [8, 15, 16, 19, 24, 26] Pr: 2^{-94.979}  74 paths [8, 15, 16, 19, 24, 26] [6, 14, 18, 22] #elements: 262144
Testing 16384/32656 [6, 9, 10, 14, 17, 22, 23, 24, 25, 26, 32] [7, 8, 15, 16, 23, 24] Pr: 2^{-94.979}  74 paths [7, 8, 15, 16, 23, 24] [6, 14, 18, 22] #elements: 262144
Testing 17408/32656 [6, 9, 10, 14, 16, 22, 26, 30, 32] [7, 8, 16, 22, 24] Pr: 2^{-94.979}  71 paths [7, 8, 16, 22, 24] [6, 14, 18, 22] #elements: 262144
Testing 18432/32656 [6, 9, 10, 14, 21, 22, 26, 27, 32, 38] [8, 16, 19, 23, 24, 30] Pr: 2^{-94.979}  74 paths [8, 16, 19, 23, 24, 30] [6, 14, 18, 22] #elements: 262144
Testing 19456/32656 [6, 10, 14, 17, 20, 21, 22, 23, 26, 27, 28, 32, 34] [8, 15, 16, 19, 24, 26] Pr: 2^{-94.979}  74 paths [8, 15, 16, 19, 24, 26] [6, 14, 18, 22] #elements: 262144
Testing 20480/32656 [6, 10, 14, 16, 17, 20, 21, 25, 26] [8, 14, 16, 19, 24] Pr: 2^{-94.979}  71 paths [8, 14, 16, 19, 24] [6, 14, 18, 22] #elements: 262144
Testing 21504/32656 [6, 9, 10, 14, 20, 21, 25, 26, 27] [8, 14, 16, 19, 24] Pr: 2^{-94.979}  71 paths [8, 14, 16, 19, 24] [6, 14, 18, 22] #elements: 262144
Testing 22528/32656 [6, 9, 10, 14, 17, 23, 24, 25, 26, 30] [8, 14, 15, 16, 22, 24] Pr: 2^{-94.979}  74 paths [8, 14, 15, 16, 22, 24] [6, 14, 18, 22] #elements: 262144
Testing 23552/32656 [6, 10, 14, 16, 17, 21, 22, 26, 27, 28] [8, 15, 16, 19, 24, 26] Pr: 2^{-94.979}  74 paths [8, 15, 16, 19, 24, 26] [6, 14, 18, 22] #elements: 262144
Testing 24576/32656 [6, 9, 10, 14, 16, 17, 24, 26, 32, 38] [8, 14, 16, 23, 24, 30] Pr: 2^{-94.979}  74 paths [8, 14, 16, 23, 24, 30] [6, 14, 18, 22] #elements: 262144
Testing 25600/32656 [6, 9, 10, 14, 22, 25, 26, 28, 32] [8, 16, 23, 24, 26, 30] Pr: 2^{-94.979}  74 paths [8, 16, 23, 24, 26, 30] [6, 14, 18, 22] #elements: 262144
Testing 26624/32656 [6, 10, 14, 17, 20, 21, 22, 24, 25, 26, 27, 28] [8, 15, 16, 19, 24, 26] Pr: 2^{-94.979}  74 paths [8, 15, 16, 19, 24, 26] [6, 14, 18, 22] #elements: 262144
Testing 27648/32656 [6, 9, 10, 14, 20, 21, 22, 23, 25, 26, 27, 30] [8, 15, 16, 19, 22, 24] Pr: 2^{-94.979}  74 paths [8, 15, 16, 19, 22, 24] [6, 14, 18, 22] #elements: 262144
Testing 28672/32656 [6, 10, 14, 16, 20, 21, 22, 26, 27] [8, 15, 16, 19, 22, 24] Pr: 2^{-94.979}  74 paths [8, 15, 16, 19, 22, 24] [6, 14, 18, 22] #elements: 262144
Testing 29696/32656 [6, 10, 14, 15, 22, 24, 25, 26, 38] [7, 8, 16, 23, 24, 30] Pr: 2^{-94.979}  74 paths [7, 8, 16, 23, 24, 30] [6, 14, 18, 22] #elements: 262144
Sorting 27840 elements w.r.t. probability
Storing 27840 differences
1 [7, 11, 12, 15] [6, 10, 14] Pr: 2^{-98.274}  68 paths [6, 10, 14] [8, 16]
2 [12] [6, 10, 14] Pr: 2^{-98.274}  68 paths [6, 10, 14] [8, 16]
3 [7, 11, 12, 14, 18] [6, 10, 14] Pr: 2^{-98.274}  68 paths [6, 10, 14] [8, 16]
sqrt(Sum Pr^2): 2^{-93.692}
-------------------------------------
Round 29
-------------------------------------
Testing 1024/27840 [7, 12, 15, 23, 27, 28, 34] [6, 10, 14, 22, 26] Pr: 2^{-99.618}  75 paths [6, 10, 14, 22, 26] [8, 16, 24] #elements: 16384
Testing 2048/27840 [7, 12, 15, 19, 25, 26, 32] [6, 10, 14, 17, 24] Pr: 2^{-100.274}  71 paths [6, 10, 14, 17, 24] [8, 16] #elements: 16384
Testing 3072/27840 [11, 12, 14, 15, 18, 19, 22, 23, 27, 28] [6, 10, 14, 17, 22, 26] Pr: 2^{-100.484}  78 paths [6, 10, 14, 17, 22, 26] [8, 16, 23, 24] #elements: 262144
Testing 4096/27840 [7, 11, 12, 14, 15, 19, 23, 28, 34] [6, 10, 14, 17, 22, 26] Pr: 2^{-100.484}  78 paths [6, 10, 14, 17, 22, 26] [8, 16, 23, 24] #elements: 262144
Testing 5120/27840 [11, 12, 17, 18, 19] [6, 10, 14, 16, 17] Pr: 2^{-101.859}  68 paths [6, 10, 14, 16, 17] [8, 16] #elements: 1024
Testing 6144/27840 [7, 12, 14, 17, 18, 19, 22, 24] [6, 10, 14, 16, 17] Pr: 2^{-101.859}  68 paths [6, 10, 14, 16, 17] [8, 16] #elements: 65536
Testing 7168/27840 [7, 11, 12, 15, 17, 18, 22, 27, 28, 34] [6, 9, 10, 14, 22, 26] Pr: 2^{-101.93}  74 paths [6, 9, 10, 14, 22, 26] [8, 16, 24] #elements: 262144
Testing 8192/27840 [7, 10, 12, 14, 15, 23, 27, 28, 34] [6, 9, 10, 14, 22, 26] Pr: 2^{-101.93}  74 paths [6, 9, 10, 14, 22, 26] [8, 16, 24] #elements: 262144
Testing 9216/27840 [7, 12, 14, 15, 17, 22, 23, 28, 34] [6, 9, 10, 14, 22, 26] Pr: 2^{-101.93}  74 paths [6, 9, 10, 14, 22, 26] [8, 16, 24] #elements: 262144
Testing 10240/27840 [7, 12, 14, 15, 22, 28, 30] [6, 9, 10, 14, 22, 26] Pr: 2^{-101.93}  74 paths [6, 9, 10, 14, 22, 26] [8, 16, 24] #elements: 16384
Testing 11264/27840 [11, 12, 15, 22, 23, 28] [6, 10, 14, 16, 22, 26] Pr: 2^{-101.93}  74 paths [6, 10, 14, 16, 22, 26] [8, 15, 16, 24] #elements: 4096
Testing 12288/27840 [7, 11, 12, 28, 33, 34] [6, 10, 14, 22, 25, 26] Pr: 2^{-101.93}  74 paths [6, 10, 14, 22, 25, 26] [8, 15, 16, 24] #elements: 4096
Testing 13312/27840 [11, 12, 28, 34] [6, 10, 14, 16, 22, 26] Pr: 2^{-101.93}  74 paths [6, 10, 14, 16, 22, 26] [8, 15, 16, 24] #elements: 256
Testing 14336/27840 [7, 11, 12, 14, 18, 22, 27, 28, 33, 34] [6, 10, 14, 22, 25, 26] Pr: 2^{-101.93}  74 paths [6, 10, 14, 22, 25, 26] [8, 15, 16, 24] #elements: 262144
Testing 15360/27840 [11, 12, 18, 28, 30, 33] [6, 10, 14, 22, 25, 26] Pr: 2^{-101.93}  74 paths [6, 10, 14, 22, 25, 26] [8, 15, 16, 24] #elements: 4096
Testing 16384/27840 [7, 12, 14, 26, 28, 30, 33] [6, 10, 14, 22, 25, 26] Pr: 2^{-101.93}  74 paths [6, 10, 14, 22, 25, 26] [8, 15, 16, 24] #elements: 16384
Testing 17408/27840 [7, 12, 14, 15, 18, 22, 23, 28, 30] [6, 10, 14, 16, 22, 26] Pr: 2^{-101.93}  74 paths [6, 10, 14, 16, 22, 26] [8, 15, 16, 24] #elements: 262144
Testing 18432/27840 [7, 11, 12, 15, 18, 22, 23, 24, 28] [6, 10, 14, 26] Pr: 2^{-101.979}  72 paths [6, 10, 14, 26] [8, 14, 16, 23, 24] #elements: 262144
Testing 19456/27840 [12, 14, 19, 22, 23, 26, 28, 34] [6, 10, 14, 17, 22, 24, 26] Pr: 2^{-102.33}  79 paths [6, 10, 14, 17, 22, 24, 26] [8, 15, 16, 24] #elements: 65536
Testing 20480/27840 [12, 22, 27, 28] [6, 10, 14, 22, 26, 32] Pr: 2^{-102.33}  73 paths [6, 10, 14, 22, 26, 32] [8, 15, 16, 24] #elements: 256
Testing 21504/27840 [7, 11, 12, 15, 18, 27, 28] [6, 10, 14, 22, 26, 32] Pr: 2^{-102.33}  73 paths [6, 10, 14, 22, 26, 32] [8, 15, 16, 24] #elements: 16384
Testing 22528/27840 [12, 14, 15, 18, 28, 30, 33] [6, 10, 14, 22, 26, 32] Pr: 2^{-102.33}  73 paths [6, 10, 14, 22, 26, 32] [8, 15, 16, 24] #elements: 16384
Testing 23552/27840 [7, 11, 12, 14, 15, 18, 22, 23, 27, 28, 30] [6, 10, 14, 22, 26, 32] Pr: 2^{-102.33}  73 paths [6, 10, 14, 22, 26, 32] [8, 15, 16, 24] #elements: 262144
Testing 24576/27840 [11, 12, 14, 15, 18, 19, 22, 26, 28] [6, 10, 14, 17, 22, 24, 26] Pr: 2^{-102.33}  79 paths [6, 10, 14, 17, 22, 24, 26] [8, 15, 16, 24] #elements: 262144
Testing 25600/27840 [7, 12, 22, 27, 28, 30, 34, 40] [6, 10, 14, 22, 26, 32] Pr: 2^{-102.33}  73 paths [6, 10, 14, 22, 26, 32] [8, 15, 16, 24] #elements: 65536
Sorting 29240 elements w.r.t. probability
Storing 29240 differences
1 [6, 10, 13] [12] Pr: 2^{-100.014}  69 paths [12] [6, 10, 14]
2 [6, 10] [12] Pr: 2^{-100.014}  69 paths [12] [6, 10, 14]
3 [6, 10, 20] [12] Pr: 2^{-100.014}  69 paths [12] [6, 10, 14]
sqrt(Sum Pr^2): 2^{-97.809}
-------------------------------------
Round 30
-------------------------------------
Testing 1024/29240 [6, 10, 13, 15, 16, 17, 20, 21] [12, 14, 19] Pr: 2^{-104.274}  70 paths [12, 14, 19] [6, 10, 14, 17] #elements: 65536
Testing 2048/29240 [6, 8, 9, 10, 15, 26] [7, 11, 12, 18] Pr: 2^{-105.274}  69 paths [7, 11, 12, 18] [6, 10, 14] #elements: 4096
Testing 3072/29240 [6, 10, 13, 20, 24] [11, 12, 18, 22] Pr: 2^{-105.274}  69 paths [11, 12, 18, 22] [6, 10, 14] #elements: 1024
Testing 4096/29240 [6, 10, 20, 22, 25, 26, 30] [12, 23, 28] Pr: 2^{-105.618}  75 paths [12, 23, 28] [6, 10, 14, 22, 26] #elements: 16384
Testing 5120/29240 [6, 10, 12, 13, 15, 16, 19, 20, 23, 24, 30] [11, 12, 14, 22] Pr: 2^{-106.274}  68 paths [11, 12, 14, 22] [6, 10, 14] #elements: 262144
Testing 6144/29240 [6, 9, 10, 15, 16, 22] [11, 12, 14] Pr: 2^{-106.274}  68 paths [11, 12, 14] [6, 9, 10, 14] #elements: 4096
Testing 7168/29240 [6, 9, 10, 12, 13, 15, 16, 22] [11, 12, 14] Pr: 2^{-106.274}  68 paths [11, 12, 14] [6, 9, 10, 14] #elements: 65536
Testing 8192/29240 [6, 8, 10, 15, 26] [7, 12, 18] Pr: 2^{-106.274}  68 paths [7, 12, 18] [6, 9, 10, 14] #elements: 1024
Testing 9216/29240 [6, 10, 18, 19, 25] [7, 12, 17] Pr: 2^{-106.274}  68 paths [7, 12, 17] [6, 9, 10, 14] #elements: 1024
Testing 10240/29240 [6, 10, 13, 16, 17, 19, 23, 25] [12, 15, 17] Pr: 2^{-106.274}  68 paths [12, 15, 17] [6, 10, 14, 16] #elements: 65536
Testing 11264/29240 [6, 9, 10, 20, 22, 23, 29] [7, 12, 21] Pr: 2^{-106.614}  69 paths [7, 12, 21] [6, 10, 14, 20] #elements: 16384
Testing 12288/29240 [6, 10, 16, 17, 20, 21, 27] [12, 19, 25] Pr: 2^{-106.859}  69 paths [12, 19, 25] [6, 10, 14, 16, 17] #elements: 16384
Testing 13312/29240 [6, 10, 13, 20, 22, 24, 26, 36] [12, 22, 28, 34] Pr: 2^{-107.618}  75 paths [12, 22, 28, 34] [6, 10, 14, 22, 26] #elements: 65536
Testing 14336/29240 [6, 9, 10, 13, 15, 22, 26, 30] [7, 12, 27, 28] Pr: 2^{-107.618}  75 paths [7, 12, 27, 28] [6, 10, 14, 22, 26] #elements: 65536
Testing 15360/29240 [6, 10, 19, 22, 26, 29, 30, 35, 42] [11, 12, 28, 34] Pr: 2^{-107.618}  75 paths [11, 12, 28, 34] [6, 10, 14, 22, 26] #elements: 262144
Testing 16384/29240 [6, 10, 13, 17, 20, 22, 24, 25, 26, 29, 30, 36] [12, 15, 23, 28] Pr: 2^{-107.618}  75 paths [12, 15, 23, 28] [6, 10, 14, 22, 26] #elements: 262144
Testing 17408/29240 [6, 10, 13, 16, 17, 22, 23, 26, 30, 31, 32, 36, 38] [12, 15, 28, 30] Pr: 2^{-107.618}  75 paths [12, 15, 28, 30] [6, 10, 14, 22, 26] #elements: 262144
Testing 18432/29240 [6, 10, 22, 25, 26, 29, 30] [11, 12, 23, 28] Pr: 2^{-107.618}  75 paths [11, 12, 23, 28] [6, 10, 14, 22, 26] #elements: 16384
Testing 19456/29240 [6, 9, 10, 17, 22, 26, 30] [7, 12, 15, 28] Pr: 2^{-107.618} 75 paths [7, 12, 15, 28] [6, 10, 14, 22, 26] #elements: 16384
Testing 20480/29240 [6, 10, 12, 15, 16, 20, 22, 26, 30] [11, 12, 14, 28] Pr: 2^{-107.618}  75 paths [11, 12, 14, 28] [6, 10, 14, 22, 26] #elements: 262144
Testing 21504/29240 [6, 10, 19, 22, 26, 28, 30] [12, 18, 27, 28] Pr: 2^{-107.618}  75 paths [12, 18, 27, 28] [6, 10, 14, 22, 26] #elements: 16384
Testing 22528/29240 [6, 9, 10, 12, 13, 15, 18, 20] [10, 12, 14] Pr: 2^{-107.859}  68 paths [10, 12, 14] [6, 9, 10, 14, 16] #elements: 65536
Testing 23552/29240 [6, 9, 10, 12, 13, 22, 26, 29, 30, 36] [11, 12, 28] Pr: 2^{-107.93}  74 paths [11, 12, 28] [6, 9, 10, 14, 22, 26] #elements: 262144
Testing 24576/29240 [6, 10, 13, 16, 20, 22, 26, 30, 31, 32, 38] [12, 28, 30] Pr: 2^{-107.93}  74 paths [12, 28, 30] [6, 10, 14, 16, 22, 26] #elements: 262144
Testing 25600/29240 [6, 10, 13, 19, 22, 25, 30, 36] [12, 18, 28] Pr: 2^{-107.93}  74 paths [12, 18, 28] [6, 10, 14, 22, 25, 26] #elements: 65536
Testing 26624/29240 [6, 10, 13, 16, 17, 20, 23, 25, 29, 30, 36] [12, 15, 24, 28] Pr: 2^{-107.979}  72 paths [12, 15, 24, 28] [6, 10, 14, 26] #elements: 262144
Sorting 8656 elements w.r.t. probability
Storing 8656 differences
1 [8, 11, 18] [6, 10] Pr: 2^{-103.184}  78 paths [6, 10] [12]
2 [7, 8, 14, 18] [6, 10] Pr: 2^{-103.184}  78 paths [6, 10] [12]
3 [7, 8, 11, 14] [6, 10] Pr: 2^{-103.184}  78 paths [6, 10] [12]
sqrt(Sum Pr^2): 2^{-100.592}

-------------------------------------
Round 22
-------------------------------------
1 [6] [7, 8, 14] Pr: 2^{-2} [] [6]
2 [6] [8, 14] Pr: 2^{-2} [] [6]
3 [6] [7, 8] Pr: 2^{-2} [] [6]
sqrt(Sum Pr^2): 2^{-1}
-------------------------------------
Round 21
-------------------------------------
1 [8] [6, 9, 10] Pr: 2^{-4} [6] [8]
2 [8] [6, 10, 16] Pr: 2^{-4} [6] [8]
3 [8] [6, 9, 10, 16] Pr: 2^{-4} [6] [8]
sqrt(Sum Pr^2): 2^{-2.65}
-------------------------------------
Round 20
-------------------------------------
1 [6, 10] [7, 12, 14] Pr: 2^{-7.3}  4 paths [8] [6, 10]
2 [6, 10] [11, 12, 14, 18] Pr: 2^{-7.3}  4 paths [8] [6, 10]
3 [6, 10] [11, 12, 14] Pr: 2^{-7.3}  4 paths [8] [6, 10]
sqrt(Sum Pr^2): 2^{-4.899}
-------------------------------------
Round 19
-------------------------------------
Testing 1024/6097 [6, 9, 10, 15] [7, 12] Pr: 2^{-12.678}  3 paths [7, 8] [6, 9, 10, 15] #elements: 16
Testing 2048/6097 [6, 8, 9, 10] [7, 9, 12, 18] Pr: 2^{-13.415}  2 paths [7, 8] [6, 8, 9, 10] #elements: 256
Testing 3072/6097 [6, 10, 15, 16, 22] [7, 12, 16, 24] Pr: 2^{-15}  2 paths [8, 14] [6, 10, 15, 16, 22] #elements: 256
Testing 4096/6097 [6, 8, 10, 22] [10, 12, 14, 24, 30] Pr: 2^{-15}  2 paths [7, 8, 14] [6, 8, 10, 22] #elements: 1024
Testing 5120/6097 [6, 8, 10, 15, 16] [9, 10, 12, 17, 18, 24] Pr: 2^{-15}  2 paths [7, 8] [6, 8, 10, 15, 16] #elements: 4096
Sorting 5865 elements w.r.t. probability
Storing 5865 differences
1 [12] [6, 10, 13, 14] Pr: 2^{-9.3}  4 paths [6, 10] [12]
2 [12] [6, 10, 14] Pr: 2^{-9.3}  4 paths [6, 10] [12]
3 [12] [6, 10, 13, 14, 20] Pr: 2^{-9.3}  4 paths [6, 10] [12]
sqrt(Sum Pr^2): 2^{-7.463}
-------------------------------------
Round 18
-------------------------------------
Testing 1024/5865 [11, 12, 18] [6, 9, 10, 12, 14] Pr: 2^{-14.3}  5 paths [6, 9, 10] [11, 12, 18] #elements: 1024
Testing 2048/5865 [7, 12, 17] [6, 8, 9, 10, 13, 14, 16, 19, 20, 25] Pr: 2^{-15.3}  4 paths [6, 10, 16] [7, 12, 17] #elements: 262144
Testing 3072/5865 [10, 12, 18] [6, 9, 10, 11, 12, 14, 19, 20, 26] Pr: 2^{-15.3} 4 paths [6, 9, 10] [10, 12, 18] #elements: 262144
Testing 4096/5865 [7, 12, 17] [6, 8, 10, 14, 15, 16, 18, 19, 20] Pr: 2^{-16.3} 8 paths [6, 9, 10, 16] [7, 12, 17] #elements: 262144
Testing 5120/5865 [12, 14, 18, 24] [6, 10, 14, 15, 25] Pr: 2^{-17.3}  4 paths [6, 10, 16] [12, 14, 18, 24] #elements: 1024
Sorting 17088 elements w.r.t. probability
Storing 17088 differences
1 [6, 10, 14] [8, 14, 16, 18] Pr: 2^{-14.42}  13 paths [12] [6, 10, 14]
2 [6, 10, 14] [8, 11, 15, 16, 22] Pr: 2^{-14.42}  13 paths [12] [6, 10, 14]
3 [6, 10, 14] [7, 8, 11, 14, 15, 16, 18, 22] Pr: 2^{-14.42}  13 paths [12] [6, 10, 14]
sqrt(Sum Pr^2): 2^{-10.874}
-------------------------------------
Round 17
-------------------------------------
Testing 1024/17088 [6, 9, 10, 14] [8, 10, 11, 14, 16, 17, 22] Pr: 2^{-17.492}  10 paths [12] [6, 9, 10, 14] #elements: 16384
Testing 2048/17088 [6, 10, 13, 14, 19] [8, 11, 14, 15, 16, 18, 20, 21, 22] Pr: 2^{-18.978}  9 paths [12, 18] [6, 10, 13, 14, 19] #elements: 262144
Testing 3072/17088 [6, 9, 10, 13, 14] [7, 8, 11, 14, 16, 17] Pr: 2^{-19.3}  7 paths [7, 12] [6, 9, 10, 13, 14] #elements: 4096
Testing 4096/17088 [6, 10, 12, 13, 14] [7, 8, 13, 15, 16, 18, 20, 22] Pr: 2^{-19.715}  8 paths [11, 12, 18] [6, 10, 12, 13, 14] #elements: 65536
Testing 5120/17088 [6, 10, 13, 14, 26] [7, 8, 11, 15, 16, 18, 21, 22, 28] Pr: 2^{-19.715}  7 paths [12, 18] [6, 10, 13, 14, 26] #elements: 262144
Testing 6144/17088 [6, 10, 14, 19, 20] [7, 8, 16, 18, 20, 28] Pr: 2^{-19.978}  6 paths [11, 12] [6, 10, 14, 19, 20] #elements: 4096
Testing 7168/17088 [6, 10, 14, 16, 20] [8, 14, 16, 17, 24, 28] Pr: 2^{-20.3}  5 paths [12, 14] [6, 10, 14, 16, 20] #elements: 4096
Testing 8192/17088 [6, 9, 10, 14, 20] [8, 10, 11, 15, 16, 17, 21, 28] Pr: 2^{-20.3}  5 paths [12] [6, 9, 10, 14, 20] #elements: 65536
Testing 9216/17088 [6, 10, 14, 20, 26] [7, 8, 11, 14, 16, 22, 27] Pr: 2^{-20.715}  5 paths [12, 18] [6, 10, 14, 20, 26] #elements: 16384
Testing 10240/17088 [6, 10, 14, 20, 26] [7, 8, 16, 18, 21, 22] Pr: 2^{-20.715} 5 paths [12, 18] [6, 10, 14, 20, 26] #elements: 4096
Testing 11264/17088 [6, 10, 14, 22] [7, 8, 11, 14, 16, 18, 23, 24, 30] Pr: 2^{-21.167}  5 paths [12, 14] [6, 10, 14, 22] #elements: 262144
Testing 12288/17088 [6, 9, 10, 14, 15] [7, 8, 14, 16, 17, 22, 23] Pr: 2^{-21.3} 4 paths [7, 12] [6, 9, 10, 14, 15] #elements: 16384
Testing 13312/17088 [6, 10, 14, 16, 22] [7, 8, 11, 15, 16, 18, 24] Pr: 2^{-21.3}  4 paths [12, 14] [6, 10, 14, 16, 22] #elements: 16384
Testing 14336/17088 [6, 9, 10, 14, 15] [7, 8, 11, 14, 17, 22, 23] Pr: 2^{-21.3} 4 paths [7, 12] [6, 9, 10, 14, 15] #elements: 16384
Testing 15360/17088 [6, 10, 12, 14, 26] [8, 11, 13, 15, 16, 28] Pr: 2^{-22.3}  5 paths [11, 12, 18] [6, 10, 12, 14, 26] #elements: 4096
Sorting 31704 elements w.r.t. probability
Storing 31704 differences
1 [8, 16] [6, 9, 14, 18, 24] Pr: 2^{-18.092}  15 paths [6, 10, 14] [8, 16]
2 [8, 16] [6, 9, 14, 18] Pr: 2^{-18.092}  15 paths [6, 10, 14] [8, 16]
3 [8, 16] [6, 9, 14, 17, 18] Pr: 2^{-18.092}  15 paths [6, 10, 14] [8, 16]
sqrt(Sum Pr^2): 2^{-14.849}
-------------------------------------
Round 16
-------------------------------------
Testing 1024/31704 [8, 11, 16, 18] [6, 9, 13, 14, 18, 19, 20, 24] Pr: 2^{-21.42}  14 paths [6, 10, 14] [8, 11, 16, 18] #elements: 65536
Testing 2048/31704 [7, 8, 15, 16, 22] [6, 8, 9, 14, 15, 18, 24] Pr: 2^{-22.42} 16 paths [6, 10, 14] [7, 8, 15, 16, 22] #elements: 16384
Testing 3072/31704 [8, 15, 16, 18, 22] [6, 14, 16, 17, 18, 19, 20, 24, 26] Pr: 2^{-22.42}  16 paths [6, 10, 14] [8, 15, 16, 18, 22] #elements: 262144
Testing 4096/31704 [8, 14, 15, 16, 22] [6, 9, 14, 17, 18, 22, 23, 24] Pr: 2^{-22.42}  16 paths [6, 10, 14] [8, 14, 15, 16, 22] #elements: 65536
Testing 5120/31704 [7, 8, 15, 16] [6, 8, 13, 14, 15, 17, 18, 24] Pr: 2^{-22.482}  16 paths [6, 10, 13, 14] [7, 8, 15, 16] #elements: 65536
Testing 6144/31704 [7, 8, 15, 16] [6, 9, 13, 14, 17, 18, 23] Pr: 2^{-22.482}  16 paths [6, 10, 13, 14] [7, 8, 15, 16] #elements: 16384
Testing 7168/31704 [7, 8, 14, 15, 16, 22] [6, 8, 9, 14, 15, 16, 18, 22, 24, 30] Pr: 2^{-23.42}  20 paths [6, 10, 14] [7, 8, 14, 15, 16, 22] #elements: 262144
Testing 8192/31704 [7, 8, 14, 16, 22] [6, 9, 14, 16, 17, 18, 23] Pr: 2^{-23.42} 14 paths [6, 10, 14] [7, 8, 14, 16, 22] #elements: 16384
Testing 9216/31704 [7, 8, 14, 16, 18] [6, 9, 14, 16, 17, 18, 20, 26] Pr: 2^{-23.42}  14 paths [6, 10, 14] [7, 8, 14, 16, 18] #elements: 65536
Testing 10240/31704 [7, 8, 11, 15, 16] [6, 9, 12, 13, 14, 16, 18, 19, 23] Pr: 2^{-23.42}  14 paths [6, 10, 14] [7, 8, 11, 15, 16] #elements: 262144
Testing 11264/31704 [7, 8, 14, 16, 22] [6, 14, 16, 18, 22, 23] Pr: 2^{-23.42}  14 paths [6, 10, 14] [7, 8, 14, 16, 22] #elements: 4096
Testing 12288/31704 [8, 11, 14, 16, 18] [6, 9, 13, 14, 17, 18, 19, 20, 22, 24] Pr: 2^{-23.42}  14 paths [6, 10, 14] [8, 11, 14, 16, 18] #elements: 262144
Testing 13312/31704 [8, 16, 18, 22] [6, 9, 13, 14, 17, 18, 20] Pr: 2^{-23.482} 15 paths [6, 10, 13, 14] [8, 16, 18, 22] #elements: 16384
Testing 14336/31704 [7, 8, 14, 15, 16] [6, 8, 13, 14, 17, 18, 22, 23, 24] Pr: 2^{-23.482}  18 paths [6, 10, 13, 14] [7, 8, 14, 15, 16] #elements: 262144
Testing 15360/31704 [8, 15, 16, 21, 22] [6, 9, 13, 14, 18, 22, 23, 29] Pr: 2^{-23.482}  18 paths [6, 10, 13, 14] [8, 15, 16, 21, 22] #elements: 65536
Testing 16384/31704 [8, 16, 21, 22] [6, 9, 13, 14, 16, 18, 23, 29] Pr: 2^{-23.482}  15 paths [6, 10, 13, 14] [8, 16, 21, 22] #elements: 65536
Testing 17408/31704 [8, 15, 16, 21] [6, 9, 14, 16, 18, 20, 23] Pr: 2^{-23.482} 10 paths [6, 10, 14, 20] [8, 15, 16, 21] #elements: 16384
Testing 18432/31704 [8, 11, 16, 21] [6, 9, 12, 14, 17, 18, 19, 22, 23, 29] Pr: 2^{-23.482}  15 paths [6, 10, 13, 14] [8, 11, 16, 21] #elements: 262144
Testing 19456/31704 [7, 8, 14, 16] [6, 8, 9, 13, 14, 16, 18, 20] Pr: 2^{-23.599}  20 paths [6, 10, 13, 14, 20] [7, 8, 14, 16] #elements: 65536
Testing 20480/31704 [8, 15, 16] [6, 13, 14, 17, 18, 19] Pr: 2^{-23.978}  10 paths [6, 10, 13, 14, 19] [8, 15, 16] #elements: 4096
Testing 21504/31704 [7, 8, 15, 16, 18, 22] [6, 8, 14, 17, 18, 19, 20, 26, 30] Pr: 2^{-24.42}  16 paths [6, 10, 14] [7, 8, 15, 16, 18, 22] #elements: 262144
Testing 22528/31704 [8, 11, 14, 16, 22] [6, 12, 13, 14, 16, 18, 19, 22] Pr: 2^{-24.42}  13 paths [6, 10, 14] [8, 11, 14, 16, 22] #elements: 65536
Testing 23552/31704 [7, 8, 16, 18, 22] [6, 14, 15, 16, 18, 19, 20, 23, 30] Pr: 2^{-24.42}  13 paths [6, 10, 14] [7, 8, 16, 18, 22] #elements: 262144
Testing 24576/31704 [7, 8, 11, 15, 16, 18] [6, 9, 13, 14, 15, 17, 18, 20, 26] Pr: 2^{-24.42}  16 paths [6, 10, 14] [7, 8, 11, 15, 16, 18] #elements: 262144
Testing 25600/31704 [7, 8, 15, 16, 18, 22] [6, 9, 14, 15, 17, 18, 19, 20, 23, 24] Pr: 2^{-24.42}  16 paths [6, 10, 14] [7, 8, 15, 16, 18, 22] #elements: 262144
Testing 26624/31704 [7, 8, 11, 14, 15, 16] [6, 12, 13, 14, 16, 17, 18, 24] Pr: 2^{-24.42}  16 paths [6, 10, 14] [7, 8, 11, 14, 15, 16] #elements: 65536
Testing 27648/31704 [7, 8, 15, 16, 18, 22] [6, 8, 9, 14, 18, 19, 20, 24, 30] Pr: 2^{-24.42}  16 paths [6, 10, 14] [7, 8, 15, 16, 18, 22] #elements: 262144
Testing 28672/31704 [7, 8, 15, 16, 18, 22] [6, 9, 14, 15, 18, 20, 23, 24] Pr: 2^{-24.42}  16 paths [6, 10, 14] [7, 8, 15, 16, 18, 22] #elements: 65536
Testing 29696/31704 [8, 14, 16, 28] [6, 14, 15, 16, 18, 20, 22, 24, 29, 30, 36] Pr: 2^{-24.482}  9 paths [6, 10, 14, 20] [8, 14, 16, 28] #elements: 262144
Sorting 27840 elements w.r.t. probability
Storing 27840 differences
1 [6, 14, 18] [7, 20, 26] Pr: 2^{-22.531}  27 paths [8, 16] [6, 14, 18]
2 [6, 14, 18] [7, 14, 19, 20, 22, 26] Pr: 2^{-22.531}  27 paths [8, 16] [6, 14, 18]
3 [6, 14, 18] [14, 19, 20, 22, 26] Pr: 2^{-22.531}  27 paths [8, 16] [6, 14, 18]

sqrt(Sum Pr^2): 2^{-18.934}
-------------------------------------
Round 15
-------------------------------------
Testing 1024/27840 [6, 13, 14, 18] [14, 15, 20, 22, 26] Pr: 2^{-24.915}  22 paths [8, 16] [6, 13, 14, 18] #elements: 1024
Testing 2048/27840 [6, 14, 17, 18, 24] [7, 14, 20, 22, 25, 32] Pr: 2^{-25.933} 24 paths [8, 16] [6, 14, 17, 18, 24] #elements: 4096
Testing 3072/27840 [6, 14, 16, 17, 18] [15, 17, 19, 20, 22, 26] Pr: 2^{-26.933} 19 paths [8, 16] [6, 14, 16, 17, 18] #elements: 4096
Testing 4096/27840 [6, 14, 16, 17, 18] [7, 15, 17, 18, 20, 22, 24, 26] Pr: 2^{-26.933}  19 paths [8, 16] [6, 14, 16, 17, 18] #elements: 65536
Testing 5120/27840 [6, 9, 14, 18, 24] [7, 10, 11, 14, 19, 20, 22, 25, 26, 32] Pr: 2^{-26.933}  19 paths [8, 16] [6, 9, 14, 18, 24] #elements: 262144
Testing 6144/27840 [6, 14, 16, 18, 24] [15, 18, 20, 22, 25] Pr: 2^{-27.102}  18 paths [8, 16] [6, 14, 16, 18, 24] #elements: 1024
Testing 7168/27840 [6, 14, 16, 18, 23] [7, 15, 17, 18, 20, 24, 25, 26] Pr: 2^{-27.112}  21 paths [8, 15, 16] [6, 14, 16, 18, 23] #elements: 65536
Testing 8192/27840 [6, 13, 14, 17, 18] [7, 14, 20, 21, 25] Pr: 2^{-27.563}  19 paths [8, 16] [6, 13, 14, 17, 18] #elements: 1024
Testing 9216/27840 [6, 14, 18, 22] [7, 14, 15, 19, 20, 22, 24, 30] Pr: 2^{-28.112}  14 paths [8, 14, 16] [6, 14, 18, 22] #elements: 65536
Testing 10240/27840 [6, 14, 17, 18, 23] [19, 20, 22, 25] Pr: 2^{-28.112}  18 paths [8, 15, 16] [6, 14, 17, 18, 23] #elements: 256
Testing 11264/27840 [6, 14, 18, 20] [7, 14, 18, 20, 21, 22] Pr: 2^{-28.112}  14 paths [8, 16, 18] [6, 14, 18, 20] #elements: 4096
Testing 12288/27840 [6, 14, 17, 18, 23] [19, 20, 22, 25, 26, 31] Pr: 2^{-28.112}  18 paths [8, 15, 16] [6, 14, 17, 18, 23] #elements: 4096
Testing 13312/27840 [6, 13, 14, 16, 18] [7, 14, 15, 18, 20, 24] Pr: 2^{-28.291} 18 paths [8, 16] [6, 13, 14, 16, 18] #elements: 4096
Testing 14336/27840 [6, 14, 16, 17, 18, 24] [17, 19, 20, 25, 32] Pr: 2^{-28.514}  18 paths [8, 16] [6, 14, 16, 17, 18, 24] #elements: 1024
Testing 15360/27840 [6, 9, 14, 16, 17, 18] [11, 20, 22, 24, 25, 26] Pr: 2^{-28.514}  18 paths [8, 16] [6, 9, 14, 16, 17, 18] #elements: 4096
Testing 16384/27840 [6, 9, 14, 16, 18, 24] [11, 14, 15, 17, 18, 20, 24, 25, 32] Pr: 2^{-28.514}  18 paths [8, 16] [6, 9, 14, 16, 18, 24] #elements: 262144
Testing 17408/27840 [6, 9, 14, 16, 17, 18] [7, 11, 18, 19, 20, 22, 26] Pr: 2^{-28.514}  18 paths [8, 16] [6, 9, 14, 16, 17, 18] #elements: 16384
Testing 18432/27840 [6, 9, 14, 16, 17, 18] [7, 11, 15, 20] Pr: 2^{-28.514}  18 paths [8, 16] [6, 9, 14, 16, 17, 18] #elements: 256
Testing 19456/27840 [6, 9, 14, 16, 17, 18] [7, 11, 14, 15, 18, 20] Pr: 2^{-28.514}  18 paths [8, 16] [6, 9, 14, 16, 17, 18] #elements: 4096
Testing 20480/27840 [6, 9, 14, 16, 18, 24] [10, 11, 18, 20, 26] Pr: 2^{-28.514} 18 paths [8, 16] [6, 9, 14, 16, 18, 24] #elements: 1024
Testing 21504/27840 [6, 14, 16, 18, 30] [7, 14, 15, 18, 20, 22, 31, 32, 38] Pr:2^{-29.112}  19 paths [8, 15, 16, 22] [6, 14, 16, 18, 30] #elements: 262144
Testing 22528/27840 [6, 14, 16, 18, 30] [14, 17, 18, 19, 20, 24, 32] Pr: 2^{-29.112}  19 paths [8, 15, 16, 22] [6, 14, 16, 18, 30] #elements: 16384
Testing 23552/27840 [6, 14, 18, 24, 30] [7, 15, 20, 22, 31, 32, 38] Pr: 2^{-29.112}  16 paths [8, 16, 22] [6, 14, 18, 24, 30] #elements: 16384
Testing 24576/27840 [6, 14, 16, 18, 30] [7, 15, 17, 18, 19, 20, 31, 32] Pr: 2^{-29.112}  19 paths [8, 15, 16, 22] [6, 14, 16, 18, 30] #elements: 65536
Testing 25600/27840 [6, 9, 14, 16, 18, 23] [11, 14, 18, 20, 25, 26] Pr: 2^{-29.112}  19 paths [8, 15, 16] [6, 9, 14, 16, 18, 23] #elements: 4096
Sorting 13924 elements w.r.t. probability
Storing 13924 differences
1 [20] [6, 14, 18, 21, 22] Pr: 2^{-24.531}  27 paths [6, 14, 18] [20]
2 [20] [6, 14, 18, 21, 22, 28] Pr: 2^{-24.531}  27 paths [6, 14, 18] [20]
3 [20] [6, 14, 18, 22, 28] Pr: 2^{-24.531}  27 paths [6, 14, 18] [20]
sqrt(Sum Pr^2): 2^{-22.384}
-------------------------------------
Round 14
-------------------------------------
Testing 1024/13924 [7, 20] [6, 8, 9, 14, 18, 22, 24, 28] Pr: 2^{-28.671}  21 paths [6, 14, 18, 24] [7, 20] #elements: 65536
Testing 2048/13924 [7, 14, 19, 20] [6, 9, 14, 15, 16, 18, 20, 27, 28] Pr: 2^{-29.531}  28 paths [6, 14, 18] [7, 14, 19, 20] #elements: 262144
Testing 3072/13924 [15, 20] [6, 14, 16, 18, 21, 22, 24] Pr: 2^{-29.933}  24 paths [6, 14, 17, 18, 24] [15, 20] #elements: 16384
Testing 4096/13924 [14, 15, 20, 26] [6, 14, 15, 17, 18, 21, 22, 23, 28, 34] Pr: 2^{-30.531}  27 paths [6, 14, 18] [14, 15, 20, 26] #elements: 262144
Testing 5120/13924 [14, 19, 20, 22] [6, 14, 16, 18, 20, 21, 22, 23, 24, 27] Pr: 2^{-30.531}  27 paths [6, 14, 18] [14, 19, 20, 22] #elements: 262144
Testing 6144/13924 [19, 20, 22] [6, 14, 18, 21, 22, 23, 28] Pr: 2^{-30.671}  21 paths [6, 14, 18, 24] [19, 20, 22] #elements: 16384
Testing 7168/13924 [19, 20, 22] [6, 14, 17, 18, 21, 22, 24, 27, 28, 30] Pr: 2^{-30.782}  19 paths [6, 14, 17, 18] [19, 20, 22] #elements: 262144
Testing 8192/13924 [14, 20, 25] [6, 14, 16, 17, 18, 22, 26, 27, 33] Pr: 2^{-30.782}  19 paths [6, 14, 17, 18] [14, 20, 25] #elements: 262144
Testing 9216/13924 [14, 20, 26] [6, 13, 14, 16, 18, 21, 27, 34] Pr: 2^{-30.915} 22 paths [6, 13, 14, 18] [14, 20, 26] #elements: 65536
Testing 10240/13924 [20, 22] [6, 13, 14, 18, 21, 22, 30] Pr: 2^{-31.383}  19 paths [6, 13, 14, 18, 24] [20, 22] #elements: 16384
Testing 11264/13924 [19, 20, 25] [6, 14, 18, 20, 22, 23, 27] Pr: 2^{-31.847}  19 paths [6, 14, 18, 23] [19, 20, 25] #elements: 16384
Testing 12288/13924 [19, 20, 32] [6, 14, 17, 18, 20, 22, 24, 27, 28, 34] Pr: 2^{-31.933}  24 paths [6, 14, 17, 18, 24] [19, 20, 32] #elements: 262144
Sorting 30976 elements w.r.t. probability
Storing 30976 differences
1 [6, 14, 18, 22] [7, 8, 16, 23, 24, 30] Pr: 2^{-31.727}  32 paths [20] [6, 14, 18, 22]
2 [6, 14, 18, 22] [7, 8, 16, 19, 22, 24, 26, 30] Pr: 2^{-31.727}  32 paths [20] [6, 14, 18, 22]
3 [6, 14, 18, 22] [7, 8, 15, 16, 19, 22, 23, 24] Pr: 2^{-31.727}  32 paths [20] [6, 14, 18, 22]
sqrt(Sum Pr^2): 2^{-27.163}

-------------------------------------
Round 13
-------------------------------------
Testing 1024/8192 [6, 14, 17, 18, 22] [8, 14, 15, 16, 24, 26] Pr: 2^{-35.838}  23 paths [15, 20] [6, 14, 17, 18, 22] #elements: 4096 
Testing 2048/8192 [6, 14, 18, 22, 34] [7, 8, 14, 15, 16, 23, 24, 35, 36, 42] Pr: 2^{-36.211}  23 paths [20, 26] [6, 14, 18, 22, 34] #elements: 262144 
Testing 3072/8192 [6, 14, 16, 18, 21] [7, 8, 14, 15, 16, 18, 23] Pr: 2^{-35.796}  23 paths [14, 20] [6, 14, 16, 18, 21] #elements: 16384 
Testing 4096/8192 [6, 14, 18, 22, 28] [7, 8, 15, 16, 22, 24, 26] Pr: 2^{-34.095}  25 paths [20] [6, 14, 18, 22, 28] #elements: 16384 
Testing 5120/8192 [6, 14, 18, 22, 28] [8, 16, 22, 24, 30, 36] Pr: 2^{-34.095}  25 paths [20] [6, 14, 18, 22, 28] #elements: 4096 
Testing 6144/8192 [6, 14, 18, 20, 22] [8, 14, 16, 19, 21, 24, 26, 30] Pr: 2^{-36.211}  23 paths [19, 20] [6, 14, 18, 20, 22] #elements: 65536 
Testing 7168/8192 [6, 14, 18, 20, 22] [7, 8, 15, 16, 19, 22, 23, 24, 26] Pr: 2^{-36.211}  23 paths [19, 20] [6, 14, 18, 20, 22] #elements: 262144 
Testing 8192/8192 [6, 14, 18, 20, 22] [8, 16, 19, 22, 24, 28] Pr: 2^{-36.211}  23 paths [19, 20] [6, 14, 18, 20, 22] #elements: 4096 
Sorting 211664 elements w.r.t. probability
Storing 8192 differences
1 [8, 16, 24] [6, 9, 10, 14, 16, 22, 26, 32] Pr: 2^{-37.806}  25 paths [6, 14, 17, 18, 22] [8, 16, 24]
2 [8, 16, 24] [6, 10, 14, 16, 22, 26, 32] Pr: 2^{-37.806}  25 paths [6, 14, 17, 18, 22] [8, 16, 24]
3 [8, 16, 24] [6, 10, 14, 16, 22, 26] Pr: 2^{-37.806}  25 paths [6, 14, 17, 18, 22] [8, 16, 24]
sqrt(Sum Pr^2): 2^{-33.649}
-------------------------------------
Round 12
-------------------------------------
Testing 1024/8192 [8, 14, 15, 16, 24] [6, 10, 14, 16, 25, 26, 32] Pr: 2^{-40.994}  28 paths [6, 14, 18, 22] [8, 14, 15, 16, 24] #elements: 16384 
Testing 2048/8192 [7, 8, 16, 23, 24] [6, 8, 9, 10, 14, 22, 24, 25, 26, 31] Pr: 2^{-40.994}  28 paths [6, 14, 18, 22] [7, 8, 16, 23, 24] #elements: 262144 
Testing 3072/8192 [7, 8, 15, 16, 24] [6, 8, 9, 10, 14, 16, 22, 24, 26] Pr: 2^{-40.994}  28 paths [6, 14, 18, 22] [7, 8, 15, 16, 24] #elements: 262144 
Testing 4096/8192 [8, 16, 23, 24, 26] [6, 10, 14, 16, 22, 25, 26, 28, 31, 32, 34] Pr: 2^{-40.994}  28 paths [6, 14, 18, 22] [8, 16, 23, 24, 26] #elements: 262144 
Testing 5120/8192 [8, 15, 16, 23, 24] [6, 10, 14, 22, 25, 26] Pr: 2^{-39.994}  30 paths [6, 14, 18, 22] [8, 15, 16, 23, 24] #elements: 4096 
Testing 6144/8192 [8, 14, 15, 16, 24] [6, 9, 10, 14, 22, 25, 26] Pr: 2^{-40.994}  28 paths [6, 14, 18, 22] [8, 14, 15, 16, 24] #elements: 16384 
Testing 7168/8192 [8, 16, 19, 23, 24] [6, 9, 10, 14, 16, 21, 22, 26, 27, 31] Pr: 2^{-40.994}  28 paths [6, 14, 18, 22] [8, 16, 19, 23, 24] #elements: 262144 
Testing 8192/8192 [8, 16, 19, 24, 26] [6, 10, 14, 16, 20, 21, 22, 24, 25, 26, 28, 32] Pr: 2^{-40.994}  28 paths [6, 14, 18, 22] [8, 16, 19, 24, 26] #elements: 262144 
Sorting 793856 elements w.r.t. probability
Storing 8192 differences
1 [6, 10, 14, 22, 26] [11, 12, 14, 22, 28, 34] Pr: 2^{-45.809}  39 paths [8, 16, 24] [6, 10, 14, 22, 26]
2 [6, 10, 14, 22, 26] [7, 12, 15, 18, 23, 28] Pr: 2^{-45.809}  39 paths [8, 16, 24] [6, 10, 14, 22, 26]
3 [6, 10, 14, 22, 26] [7, 11, 12, 15, 28] Pr: 2^{-45.809}  39 paths [8, 16, 24] [6, 10, 14, 22, 26]
sqrt(Sum Pr^2): 2^{-40.369}
-------------------------------------
Round 11
-------------------------------------
Testing 1024/8192 [6, 10, 14, 26] [7, 12, 14, 15, 22, 24, 28] Pr: 2^{-47.409}  28 paths [8, 14, 16, 24] [6, 10, 14, 26] #elements: 16384 
Testing 2048/8192 [6, 10, 14, 16, 22, 26] [11, 12, 18, 23, 28] Pr: 2^{-47.77}  40 paths [8, 16, 24] [6, 10, 14, 16, 22, 26] #elements: 1024 
Testing 3072/8192 [6, 10, 14, 16, 22, 26] [11, 12, 15, 17, 22, 23, 24, 27, 28] Pr: 2^{-47.77}  40 paths [8, 16, 24] [6, 10, 14, 16, 22, 26] #elements: 262144 
Testing 4096/8192 [6, 10, 14, 16, 22, 26] [7, 11, 12, 14, 22, 23, 24, 28] Pr: 2^{-47.77}  40 paths [8, 16, 24] [6, 10, 14, 16, 22, 26] #elements: 65536 
Testing 5120/8192 [6, 10, 14, 22, 26] [11, 12, 18, 27, 28, 30] Pr: 2^{-45.809}  39 paths [8, 16, 24] [6, 10, 14, 22, 26] #elements: 4096 
Testing 6144/8192 [6, 10, 14, 16, 22, 26] [7, 11, 12, 14, 27, 28, 30, 34] Pr: 2^{-47.77}  40 paths [8, 16, 24] [6, 10, 14, 16, 22, 26] #elements: 65536 
Testing 7168/8192 [6, 10, 14, 22, 26, 32] [12, 14, 15, 22, 23, 28, 34] Pr: 2^{-47.77}  43 paths [7, 8, 16, 23, 24] [6, 10, 14, 22, 26, 32] #elements: 16384 
Testing 8192/8192 [6, 10, 14, 17, 22, 26] [7, 12, 14, 15, 19, 28] Pr: 2^{-46.809}  56 paths [8, 14, 16, 24] [6, 10, 14, 17, 22, 26] #elements: 4096 
Sorting 170202 elements w.r.t. probability
Storing 8192 differences
1 [12, 28] [6, 10, 13, 22, 26, 30] Pr: 2^{-49.809}  39 paths [6, 10, 14, 22, 26] [12, 28]
2 [12, 28] [6, 10, 22, 26, 29, 30] Pr: 2^{-49.809}  39 paths [6, 10, 14, 22, 26] [12, 28]
3 [12, 28] [6, 10, 13, 22, 26, 29, 30] Pr: 2^{-49.809}  39 paths [6, 10, 14, 22, 26] [12, 28]
sqrt(Sum Pr^2): 2^{-46.477}
-------------------------------------
Round 10
-------------------------------------
Testing 1024/8192 [12, 19, 28, 34] [6, 10, 13, 17, 20, 21, 22, 26, 27, 29, 30, 35, 36] Pr: 2^{-53.809}  57 paths [6, 10, 14, 17, 22, 26] [12, 19, 28, 34] #elements: 262144 
Testing 2048/8192 [12, 23, 28] [6, 10, 20, 22, 25, 26, 29, 30, 31] Pr: 2^{-51.809}  39 paths [6, 10, 14, 22, 26] [12, 23, 28] #elements: 262144 
Testing 3072/8192 [12, 14, 15, 28] [6, 10, 15, 16, 17, 22, 26, 29, 30] Pr: 2^{-53.479}  40 paths [6, 10, 14, 22, 26] [12, 14, 15, 28] #elements: 262144 
Testing 4096/8192 [7, 12, 14, 28] [6, 9, 10, 13, 15, 16, 20, 22, 26, 30, 36] Pr: 2^{-52.809}  40 paths [6, 10, 14, 22, 26] [7, 12, 14, 28] #elements: 262144 
Testing 5120/8192 [12, 19, 23, 28] [6, 10, 13, 17, 21, 22, 24, 25, 26, 30, 36] Pr: 2^{-53.809}  57 paths [6, 10, 14, 17, 22, 26] [12, 19, 23, 28] #elements: 262144 
Testing 6144/8192 [11, 12, 22, 28] [6, 10, 12, 22, 24, 26, 29, 36] Pr: 2^{-53.809}  39 paths [6, 10, 14, 22, 26] [11, 12, 22, 28] #elements: 65536 
Testing 7168/8192 [12, 22, 27, 28] [6, 10, 22, 24, 26, 28, 35, 36] Pr: 2^{-53.809}  39 paths [6, 10, 14, 22, 26] [12, 22, 27, 28] #elements: 65536 
Testing 8192/8192 [12, 15, 18, 28] [6, 10, 13, 16, 17, 19, 22, 29, 30] Pr: 2^{-53.809}  39 paths [6, 10, 14, 22, 26] [12, 15, 18, 28] #elements: 262144 
Sorting 211392 elements w.r.t. probability
Storing 8192 differences
1 [6, 10, 22, 26, 30] [7, 8, 11, 18, 24, 27, 31, 32] Pr: 2^{-58.522}  48 paths [12, 28] [6, 10, 22, 26, 30]
2 [6, 10, 22, 26, 30] [8, 11, 14, 23, 24, 27, 32] Pr: 2^{-58.522}  48 paths [12, 28] [6, 10, 22, 26, 30]
3 [6, 10, 22, 26, 30] [8, 11, 18, 24, 27, 31, 32] Pr: 2^{-58.522}  48 paths [12, 28] [6, 10, 22, 26, 30]
sqrt(Sum Pr^2): 2^{-52.97}
-------------------------------------
Round 9
-------------------------------------
Testing 1024/8192 [6, 10, 22, 29, 30] [7, 8, 11, 14, 18, 23, 24, 28, 32] Pr: 2^{-60.224}  42 paths [12, 18, 28] [6, 10, 22, 29, 30] #elements: 262144 
Testing 2048/8192 [6, 10, 22, 26, 29, 30] [7, 8, 24, 27, 31, 32, 34] Pr: 2^{-59.639}  52 paths [12, 28] [6, 10, 22, 26, 29, 30] #elements: 16384 
Testing 3072/8192 [6, 10, 22, 26, 29, 30] [7, 8, 11, 14, 18, 23, 24, 31, 32, 34, 37] Pr: 2^{-59.639}  52 paths [12, 28] [6, 10, 22, 26, 29, 30] #elements: 262144 
Testing 4096/8192 [6, 10, 22, 26, 29, 30] [8, 11, 14, 18, 23, 24, 27, 32, 37, 38] Pr: 2^{-59.639}  52 paths [12, 28] [6, 10, 22, 26, 29, 30] #elements: 262144 
Testing 5120/8192 [6, 10, 22, 26, 30, 36] [7, 8, 24, 27, 32, 34, 37, 38, 44] Pr: 2^{-60.639}  45 paths [12, 28] [6, 10, 22, 26, 30, 36] #elements: 262144 
Testing 6144/8192 [6, 10, 22, 26, 30, 36] [7, 8, 14, 18, 23, 24, 27, 30, 32] Pr: 2^{-60.639}  45 paths [12, 28] [6, 10, 22, 26, 30, 36] #elements: 262144 
Testing 7168/8192 [6, 10, 22, 26, 30, 36] [8, 18, 23, 24, 27, 32, 34] Pr: 2^{-60.639}  45 paths [12, 28] [6, 10, 22, 26, 30, 36] #elements: 16384 
Testing 8192/8192 [6, 10, 13, 22, 26, 30] [7, 8, 11, 14, 15, 21, 24, 27, 31, 32] Pr: 2^{-59.639}  52 paths [12, 28] [6, 10, 13, 22, 26, 30] #elements: 262144 
Sorting 427904 elements w.r.t. probability
Storing 8192 differences
1 [8, 24, 32] [6, 9, 22, 25, 30, 33, 34] Pr: 2^{-64.522}  48 paths [6, 10, 22, 26, 30] [8, 24, 32]
2 [8, 24, 32] [6, 22, 25, 30, 32, 34, 40] Pr: 2^{-64.522}  48 paths [6, 10, 22, 26, 30] [8, 24, 32]
3 [8, 24, 32] [6, 9, 22, 25, 30, 32, 34, 40] Pr: 2^{-64.522}  48 paths [6, 10, 22, 26, 30] [8, 24, 32]
sqrt(Sum Pr^2): 2^{-60.25}
-------------------------------------
Round 8
-------------------------------------
Testing 1024/8192 [7, 8, 24, 32] [6, 8, 15, 22, 30, 33, 34, 40] Pr: 2^{-66.522}  48 paths [6, 10, 22, 26, 30] [7, 8, 24, 32] #elements: 65536 
Testing 2048/8192 [8, 24, 30, 32] [6, 22, 25, 30, 31, 34, 38, 40] Pr: 2^{-66.522}  48 paths [6, 10, 22, 26, 30] [8, 24, 30, 32] #elements: 65536 
Testing 3072/8192 [7, 8, 24, 32] [6, 8, 9, 22, 25, 30, 33, 34, 40] Pr: 2^{-66.522}  48 paths [6, 10, 22, 26, 30] [7, 8, 24, 32] #elements: 262144 
Testing 4096/8192 [8, 24, 32, 38] [6, 9, 16, 22, 30, 33, 34, 39, 46] Pr: 2^{-66.522}  48 paths [6, 10, 22, 26, 30] [8, 24, 32, 38] #elements: 262144 
Testing 5120/8192 [8, 14, 24, 31, 32] [6, 9, 16, 25, 30, 33, 34] Pr: 2^{-67.522}  49 paths [6, 10, 22, 26, 30] [8, 14, 24, 31, 32] #elements: 16384 
Testing 6144/8192 [8, 24, 30, 31, 32] [6, 16, 22, 30, 33, 34, 39, 40] Pr: 2^{-67.522}  49 paths [6, 10, 22, 26, 30] [8, 24, 30, 31, 32] #elements: 65536 
Testing 7168/8192 [8, 23, 24, 30, 32] [6, 22, 25, 30, 32, 34, 38, 40] Pr: 2^{-67.522}  49 paths [6, 10, 22, 26, 30] [8, 23, 24, 30, 32] #elements: 65536 
Testing 8192/8192 [8, 24, 31, 32, 34] [6, 16, 22, 30, 32, 34, 35, 36] Pr: 2^{-67.522}  49 paths [6, 10, 22, 26, 30] [8, 24, 31, 32, 34] #elements: 65536 
Sorting 694903 elements w.r.t. probability
Storing 8192 differences
1 [6, 22, 30, 34] [14, 23, 30, 31, 36] Pr: 2^{-70.664}  60 paths [8, 24, 32] [6, 22, 30, 34]
2 [6, 22, 30, 34] [7, 14, 23, 30, 31, 36] Pr: 2^{-70.664}  60 paths [8, 24, 32] [6, 22, 30, 34]
3 [6, 22, 30, 34] [7, 14, 31, 36, 38, 42] Pr: 2^{-70.664}  60 paths [8, 24, 32] [6, 22, 30, 34]
sqrt(Sum Pr^2): 2^{-65.959}
-------------------------------------
Round 7
-------------------------------------
Testing 1024/8192 [6, 15, 22, 30, 34] [14, 17, 23, 30, 36, 42] Pr: 2^{-73.715}  57 paths [7, 8, 24, 32] [6, 15, 22, 30, 34] #elements: 4096 
Testing 2048/8192 [6, 16, 30, 34] [7, 14, 18, 35, 36, 38, 42] Pr: 2^{-73.522}  50 paths [8, 14, 24, 32] [6, 16, 30, 34] #elements: 16384 
Testing 3072/8192 [6, 22, 30, 34, 40] [7, 36, 38, 42] Pr: 2^{-72.615}  61 paths [8, 24, 32] [6, 22, 30, 34, 40] #elements: 256 
Testing 4096/8192 [6, 22, 30, 33, 34] [7, 30, 36, 38, 41] Pr: 2^{-72.664}  60 paths [8, 24, 32] [6, 22, 30, 33, 34] #elements: 1024 
Testing 5120/8192 [6, 22, 25, 30, 34] [7, 14, 26, 27, 30, 36, 38] Pr: 2^{-72.715}  62 paths [8, 24, 31, 32, 38] [6, 22, 25, 30, 34] #elements: 16384 
Testing 6144/8192 [6, 16, 22, 30, 34] [7, 14, 17, 18, 23, 24, 30, 35, 36, 38, 42] Pr: 2^{-72.664}  60 paths [8, 24, 32] [6, 16, 22, 30, 34] #elements: 262144 
Testing 7168/8192 [6, 30, 34, 40] [0, 7, 14, 24, 31, 36, 38, 42] Pr: 2^{-73.522}  51 paths [8, 14, 24, 31, 32] [6, 30, 34, 40] #elements: 65536 
Testing 8192/8192 [6, 22, 30, 33, 34] [14, 30, 34, 36, 38, 41] Pr: 2^{-72.664}  60 paths [8, 24, 32] [6, 22, 30, 33, 34] #elements: 4096 
Sorting 25533 elements w.r.t. probability
Storing 8192 differences
1 [36] [6, 22, 30, 34, 38, 44] Pr: 2^{-72.664}  60 paths [6, 22, 30, 34] [36]
2 [36] [6, 22, 30, 34, 37, 38, 44] Pr: 2^{-72.664}  60 paths [6, 22, 30, 34] [36]
3 [36] [6, 22, 30, 34, 37, 38] Pr: 2^{-72.664}  60 paths [6, 22, 30, 34] [36]
sqrt(Sum Pr^2): 2^{-70.332}
-------------------------------------
Round 6
-------------------------------------
Testing 1024/8192 [30, 36, 38] [6, 22, 30, 32, 34, 38, 39, 44] Pr: 2^{-78.615}  61 paths [6, 22, 30, 34, 40] [30, 36, 38] #elements: 65536 
Testing 2048/8192 [31, 36, 38, 42] [6, 22, 30, 32, 33, 34, 38, 40, 44, 46] Pr: 2^{-77.664}  61 paths [6, 22, 30, 34] [31, 36, 38, 42] #elements: 262144 
Testing 3072/8192 [30, 36, 42] [6, 22, 30, 31, 32, 34] Pr: 2^{-76.664}  60 paths [6, 22, 30, 34] [30, 36, 42] #elements: 4096 
