-------------------------------------
Round 1
-------------------------------------
1 [7] [7, 10] Pr: 2^{-1} [] [7]
2 [7, 8] [7, 8, 10] Pr: 2^{-2} [] [7]
3 [7, 8, 9] [7, 8, 9, 10] Pr: 2^{-3} [] [7]
sqrt(Sum Pr^2): 2^{-0.793}
-------------------------------------
Round 2
-------------------------------------
1 [7, 10, 63] [7, 13, 63] Pr: 2^{-3} [7] [7, 10]
2 [7, 8, 10, 63] [7, 8, 13, 63] Pr: 2^{-4} [7] [7, 10]
3 [7, 10, 11, 63] [7, 11, 13, 63] Pr: 2^{-4} [7] [7, 10]
sqrt(Sum Pr^2): 2^{-2.553}
-------------------------------------
Round 3
-------------------------------------
1 [2, 7, 13, 55] [7, 10, 13, 16, 55] Pr: 2^{-7} [7, 10, 63] [7, 13, 63]
2 [2, 7, 8, 13, 55] [7, 8, 10, 13, 16, 55] Pr: 2^{-8} [7, 10, 63] [7, 13, 63]
3 [2, 7, 13, 55, 56] [7, 10, 13, 16, 55, 56] Pr: 2^{-8} [7, 10, 63] [7, 13, 63]
sqrt(Sum Pr^2): 2^{-6.125}
-------------------------------------
Round 4
-------------------------------------
1 [5, 7, 10, 13, 16, 47, 55, 58, 63] [5, 7, 19, 47, 55, 63] Pr: 2^{-15} [2, 7, 13, 55] [7, 10, 13, 16, 55]
2 [5, 6, 7, 10, 13, 16, 47, 55, 58, 63] [5, 6, 7, 19, 47, 55, 63] Pr: 2^{-16} [2, 7, 13, 55] [7, 10, 13, 16, 55]
3 [5, 7, 10, 13, 16, 17, 47, 55, 58, 63] [5, 7, 17, 19, 47, 55, 63] Pr: 2^{-16} [2, 7, 13, 55] [7, 10, 13, 16, 55]
sqrt(Sum Pr^2): 2^{-13.448}
-------------------------------------
Round 5
-------------------------------------
1 [2, 7, 8, 19, 39, 50, 61] [7, 10, 19, 22, 39, 58, 61] Pr: 2^{-24.992}  2 paths [5, 7, 10, 13, 16, 47, 55, 58, 63] [5, 7, 19, 47, 55, 63]
2 [2, 7, 19, 39, 50, 61] [7, 8, 10, 19, 22, 39, 58, 61] Pr: 2^{-25.591}  4 paths [5, 7, 10, 13, 16, 47, 55, 58, 63] [5, 7, 19, 47, 55, 63]
3 [2, 7, 8, 9, 19, 39, 50, 61] [7, 9, 10, 19, 22, 39, 58, 61] Pr: 2^{-25.967}  2 paths [5, 7, 10, 13, 16, 47, 55, 58, 63] [5, 7, 19, 47, 55, 63]
sqrt(Sum Pr^2): 2^{-23.23}
-------------------------------------
Round 6
-------------------------------------
1 [0, 7, 10, 11, 19, 22, 31, 39, 42, 53, 61, 63] [7, 11, 13, 19, 25, 31, 39, 53, 63] Pr: 2^{-36.992}  2 paths [2, 7, 8, 19, 39, 50, 61] [7, 10, 19, 22, 39, 58, 61]
2 [0, 7, 10, 19, 22, 31, 39, 42, 53, 61, 63] [7, 13, 19, 25, 31, 39, 53, 63] Pr: 2^{-37.582}  5 paths [2, 7, 8, 19, 39, 50, 61] [7, 10, 19, 22, 39, 58, 61]
3 [7, 8, 10, 11, 19, 22, 31, 39, 42, 53, 61, 63] [0, 7, 8, 13, 19, 25, 31, 39, 53, 63] Pr: 2^{-37.591}  4 paths [2, 7, 19, 39, 50, 61] [7, 8, 10, 19, 22, 39, 58, 61]
sqrt(Sum Pr^2): 2^{-35.014}
-------------------------------------
Round 7
-------------------------------------
1 [2, 7, 11, 13, 14, 19, 23, 25, 34, 39, 45, 55, 56] [7, 10, 11, 13, 14, 16, 19, 22, 23, 25, 28, 39, 42, 45, 55] Pr: 2^{-52.582}  5 paths [0, 7, 10, 19, 22, 31, 39, 42, 53, 61, 63] [7, 13, 19, 25, 31, 39, 53, 63]
2 [2, 3, 7, 13, 14, 19, 23, 25, 34, 39, 45, 55, 56] [3, 7, 10, 13, 16, 19, 22, 23, 25, 28, 39, 42, 45, 55] Pr: 2^{-52.992}  2 paths [0, 7, 10, 11, 19, 22, 31, 39, 42, 53, 61, 63] [7, 11, 13, 19, 25, 31, 39, 53, 63]
3 [2, 7, 11, 13, 19, 23, 25, 34, 39, 45, 55, 56] [7, 10, 11, 13, 16, 19, 22, 23, 25, 28, 39, 42, 45, 55] Pr: 2^{-53.173}  8 paths [0, 7, 10, 19, 22, 31, 39, 42, 53, 61, 63] [7, 13, 19, 25, 31, 39, 53, 63]
sqrt(Sum Pr^2): 2^{-50.289}
-------------------------------------
Round 8
-------------------------------------
1 [3, 5, 7, 10, 13, 16, 17, 19, 22, 25, 28, 31, 37, 39, 42, 45, 47, 48, 55, 58, 63] [3, 5, 7, 14, 17, 29, 37, 39, 47, 55, 63] Pr: 2^{-77.027}  8 paths [2, 7, 11, 13, 19, 25, 34, 39, 45, 55, 56] [7, 10, 11, 13, 16, 19, 22, 25, 26, 28, 39, 42, 45, 55]
2 [3, 5, 7, 10, 13, 15, 16, 17, 19, 22, 23, 25, 26, 28, 31, 37, 39, 42, 45, 47, 48, 55, 58, 63] [3, 5, 7, 14, 15, 17, 23, 37, 39, 47, 55, 63] Pr: 2^{-77.173}  8 paths [2, 7, 11, 13, 19, 23, 25, 34, 39, 45, 55, 56] [7, 10, 11, 13, 16, 19, 22, 23, 25, 28, 39, 42, 45, 55]
3 [5, 6, 7, 10, 11, 13, 15, 16, 17, 19, 22, 23, 25, 26, 28, 31, 37, 39, 42, 45, 47, 48, 55, 58, 63] [5, 6, 7, 11, 15, 17, 23, 37, 39, 47, 55, 63] Pr: 2^{-77.582}  5 paths [2, 7, 13, 14, 19, 23, 25, 34, 39, 45, 55, 56] [7, 10, 13, 16, 19, 22, 23, 25, 28, 39, 42, 45, 55]
sqrt(Sum Pr^2): 2^{-73.793}
-------------------------------------
Round 9
-------------------------------------
1 [2, 8, 11, 14, 17, 20, 23, 31, 34, 40, 50, 61, 63] [11, 14, 17, 20, 23, 31, 32, 34, 42, 58, 61, 63] Pr: 2^{-98.501}  10 paths [5, 10, 13, 16, 19, 22, 25, 28, 31, 37, 39, 42, 45, 47, 48, 55, 58, 63] [5, 29, 37, 39, 47, 55, 63]
2 [2, 8, 9, 11, 14, 20, 23, 31, 34, 40, 50, 61, 63] [9, 11, 14, 23, 31, 32, 34, 42, 58, 61, 63] Pr: 2^{-98.501}  10 paths [5, 10, 13, 16, 17, 19, 22, 25, 28, 31, 37, 39, 42, 45, 47, 48, 55, 58, 63] [5, 17, 29, 37, 39, 47, 55, 63]
3 [2, 3, 8, 9, 14, 20, 23, 31, 34, 40, 50, 61, 63] [3, 9, 23, 31, 32, 34, 42, 58, 61, 63] Pr: 2^{-98.694}  10 paths [5, 10, 11, 13, 16, 17, 19, 22, 25, 28, 31, 37, 39, 42, 45, 47, 48, 55, 58, 63] [5, 11, 17, 29, 37, 39, 47, 55, 63]
sqrt(Sum Pr^2): 2^{-94.979}
-------------------------------------
Round 10
-------------------------------------
1 [0, 6, 12, 15, 26, 31, 34, 53, 55, 61, 63] [2, 6, 12, 15, 31, 35, 37, 45, 53, 55, 63] Pr: 2^{-113.939}  15 paths [2, 8, 14, 20, 23, 31, 34, 40, 50, 61, 63] [23, 31, 32, 34, 42, 58, 61, 63]
2 [0, 6, 7, 10, 12, 15, 26, 31, 34, 53, 61, 63] [6, 7, 12, 13, 15, 31, 35, 37, 45, 53, 63] Pr: 2^{-114.544}  15 paths [2, 7, 8, 14, 20, 23, 31, 34, 40, 50, 61] [7, 10, 23, 31, 32, 34, 42, 58, 61]
3 [0, 6, 12, 15, 16, 26, 31, 34, 53, 55, 61, 63] [2, 6, 12, 15, 16, 31, 35, 37, 45, 53, 55, 63] Pr: 2^{-114.939}  15 paths [2, 8, 14, 20, 23, 31, 34, 40, 50, 61, 63] [23, 31, 32, 34, 42, 58, 61, 63]
sqrt(Sum Pr^2): 2^{-111.502}
-------------------------------------
Round 11
-------------------------------------
1 [2, 4, 6, 7, 12, 15, 18, 23, 26, 31, 35, 37, 47, 56, 62, 63] [4, 5, 6, 7, 9, 12, 23, 26, 31, 34, 35, 37, 38, 40, 47, 48, 58, 62, 63] Pr: 2^{-131.939}  15 paths [0, 6, 12, 15, 26, 31, 34, 53, 55, 61, 63] [2, 6, 12, 15, 31, 35, 37, 45, 53, 55, 63]
2 [2, 4, 6, 12, 13, 23, 26, 31, 35, 37, 55, 56, 62, 63] [4, 6, 9, 12, 13, 15, 16, 21, 23, 26, 31, 34, 35, 37, 38, 40, 48, 55, 62, 63] Pr: 2^{-132.322}  14 paths [0, 6, 10, 12, 26, 31, 34, 53, 61, 63] [6, 12, 13, 18, 31, 35, 37, 45, 53, 63]
3 [2, 4, 6, 12, 15, 18, 23, 26, 31, 35, 37, 47, 56, 62, 63] [4, 5, 6, 9, 12, 23, 26, 31, 34, 35, 37, 38, 40, 47, 48, 58, 62, 63] Pr: 2^{-132.53}  18 paths [0, 6, 12, 15, 26, 31, 34, 53, 55, 61, 63] [2, 6, 12, 15, 31, 35, 37, 45, 53, 55, 63]
sqrt(Sum Pr^2): 2^{-129.117}
-------------------------------------
Round 12
-------------------------------------
1 [10, 15, 18, 20, 27, 29, 31, 34, 35, 37, 38, 40, 60, 63] [7, 20, 23, 26, 27, 29, 31, 35, 41, 43, 51, 60, 63] Pr: 2^{-151.26}  16 paths [4, 7, 12, 15, 18, 20, 26, 31, 35, 37, 56] [4, 7, 12, 15, 20, 23, 31, 34, 35, 37, 38, 40, 48]
2 [4, 6, 9, 23, 29, 31, 34, 37, 40, 52, 54, 63] [1, 4, 6, 7, 12, 19, 21, 23, 29, 31, 43, 51, 52, 54] Pr: 2^{-152.012}  12 paths [4, 6, 7, 24, 26, 31, 37, 56, 60, 62] [4, 6, 9, 16, 18, 31, 34, 37, 40, 48, 60, 62]
3 [4, 6, 7, 9, 23, 29, 31, 34, 37, 40, 52, 54] [1, 4, 6, 10, 12, 19, 21, 23, 29, 31, 43, 51, 52, 54, 63] Pr: 2^{-152.012}  12 paths [4, 6, 24, 26, 31, 37, 56, 60, 62] [4, 6, 7, 9, 16, 18, 31, 34, 37, 40, 48, 60, 62]


-------------------------------------
Round 20
-------------------------------------
1 [12] [4] Pr: 2^{-1} [] [7]
2 [12, 13] [4] Pr: 2^{-2} [] [7]
3 [12, 13, 14] [4] Pr: 2^{-3} [] [7]
sqrt(Sum Pr^2): 2^{-0.793}
-------------------------------------
Round 19
-------------------------------------
1 [9, 17, 20] [1, 9] Pr: 2^{-4} [12] [4]
2 [9, 10, 17, 20] [1, 9] Pr: 2^{-5} [12] [4]
3 [9, 17, 18, 20] [1, 9] Pr: 2^{-5} [12] [4]
sqrt(Sum Pr^2): 2^{-3.342}
-------------------------------------
Round 18
-------------------------------------
1 [6, 7, 17, 22, 28] [14, 17, 62] Pr: 2^{-8.992}  2 paths [9, 17, 20] [1, 9]
2 [6, 17, 22, 28] [14, 17, 62] Pr: 2^{-8.992}  2 paths [9, 17, 20] [1, 9]
3 [6, 7, 17, 18, 22, 28] [14, 17, 62] Pr: 2^{-9.967}  2 paths [9, 17, 20] [1, 9]
sqrt(Sum Pr^2): 2^{-7.569}
-------------------------------------
Round 17
-------------------------------------
1 [3, 11, 14, 19, 25, 27, 30, 33, 36] [3, 11, 19, 25, 59] Pr: 2^{-17.992}  2 paths [6, 17, 22, 28] [14, 17, 62]
2 [3, 11, 14, 19, 25, 26, 27, 30, 33, 36] [3, 11, 19, 25, 59] Pr: 2^{-18.958}  3 paths [6, 17, 22, 28] [14, 17, 62]
3 [3, 11, 14, 19, 25, 27, 30, 31, 33, 36] [3, 11, 19, 25, 59] Pr: 2^{-18.992}  2 paths [6, 17, 22, 28] [14, 17, 62]
sqrt(Sum Pr^2): 2^{-16.389}
-------------------------------------
Round 16
-------------------------------------
1 [0, 11, 22, 27, 32, 33, 44] [11, 24, 27, 30, 33, 56] Pr: 2^{-28.992}  2 paths [3, 11, 14, 19, 25, 27, 30, 33, 36] [3, 11, 19, 25, 59]
2 [0, 11, 22, 27, 32, 44] [11, 24, 27, 30, 33, 56] Pr: 2^{-29.549}  7 paths [3, 11, 14, 19, 25, 27, 30, 33, 36] [3, 11, 19, 25, 59]
3 [0, 11, 22, 27, 28, 32, 33, 44] [11, 24, 27, 30, 33, 56] Pr: 2^{-29.969}  3 paths [3, 11, 14, 19, 25, 27, 30, 33, 36] [3, 11, 19, 25, 59]
sqrt(Sum Pr^2): 2^{-27.26}
-------------------------------------
Round 15
-------------------------------------
1 [5, 8, 19, 27, 29, 30, 37, 40, 41, 49, 52, 61] [19, 21, 27, 29, 41, 53, 61] Pr: 2^{-41.992}  2 paths [0, 11, 22, 27, 32, 33, 44] [11, 24, 27, 30, 33, 56]
2 [5, 8, 19, 27, 29, 30, 37, 38, 40, 49, 52, 61] [19, 21, 27, 29, 30, 41, 53, 61] Pr: 2^{-42.549}  7 paths [0, 11, 22, 27, 32, 44] [11, 24, 27, 30, 33, 56]
3 [5, 8, 19, 27, 29, 37, 40, 41, 49, 52, 61] [19, 21, 27, 29, 41, 53, 61] Pr: 2^{-42.582}  5 paths [0, 11, 22, 27, 32, 33, 44] [11, 24, 27, 30, 33, 56]
sqrt(Sum Pr^2): 2^{-39.987}
-------------------------------------
Round 14
-------------------------------------
1 [5, 10, 16, 26, 27, 35, 37, 42, 48, 49, 54, 58, 60] [2, 5, 18, 34, 37, 46, 49, 50] Pr: 2^{-58.574}  6 paths [5, 8, 19, 27, 29, 37, 40, 41, 49, 52, 61] [19, 21, 27, 29, 41, 53, 61]
2 [5, 10, 16, 26, 27, 37, 38, 42, 48, 49, 54, 58, 60] [2, 5, 18, 27, 34, 37, 46, 49, 50] Pr: 2^{-58.992}  2 paths [5, 8, 19, 27, 29, 30, 37, 40, 41, 49, 52, 61] [19, 21, 27, 29, 41, 53, 61]
3 [5, 10, 16, 26, 35, 37, 42, 48, 49, 54, 58, 60] [2, 5, 18, 34, 37, 46, 49, 50] Pr: 2^{-59.173}  8 paths [5, 8, 19, 27, 29, 37, 40, 41, 49, 52, 61] [19, 21, 27, 29, 41, 53, 61]
sqrt(Sum Pr^2): 2^{-56.412}
-------------------------------------
Round 13
-------------------------------------
1 [1, 2, 4, 7, 13, 15, 18, 21, 23, 24, 31, 34, 35, 39, 45, 47, 50, 51, 53, 55, 56, 57, 59, 62, 63] [7, 13, 15, 23, 31, 39, 43, 45, 47, 51, 55, 57, 63] Pr: 2^{-83.992}  2 paths [5, 10, 16, 26, 27, 37, 42, 48, 49, 54, 58, 60] [2, 5, 18, 27, 34, 37, 46, 49, 50]
2 [1, 2, 4, 7, 13, 15, 18, 21, 23, 24, 31, 34, 35, 39, 43, 45, 47, 50, 53, 55, 56, 59, 62, 63] [7, 13, 15, 23, 31, 35, 39, 45, 46, 47, 51, 55, 57, 63] Pr: 2^{-84.156}  9 paths [5, 10, 16, 26, 27, 37, 42, 46, 48, 54, 58, 60] [2, 5, 18, 27, 34, 37, 38, 46, 49, 50]
3 [1, 2, 4, 7, 13, 15, 18, 21, 23, 24, 31, 34, 39, 40, 43, 45, 47, 50, 51, 53, 55, 56, 57, 59, 62, 63] [7, 13, 15, 23, 31, 32, 39, 43, 45, 47, 51, 55, 57, 63] Pr: 2^{-84.173}  8 paths [5, 10, 16, 26, 35, 37, 42, 48, 49, 54, 58, 60] [2, 5, 18, 34, 37, 46, 49, 50]
sqrt(Sum Pr^2): 2^{-81.088}
-------------------------------------
Round 12
-------------------------------------
1 [0, 1, 10, 12, 15, 20, 21, 32, 43, 46, 57, 59, 60] [1, 12, 15, 18, 21, 38, 43, 44, 46, 52, 56, 59, 62, 63] Pr: 2^{-106.599}  5 paths [1, 2, 4, 7, 13, 15, 18, 21, 24, 35, 43, 44, 46, 49, 51, 57, 59, 62, 63] [7, 13, 35, 41, 43, 44, 47, 51, 55, 57, 63]
2 [0, 1, 12, 15, 20, 21, 32, 43, 46, 57, 59, 60] [1, 12, 15, 18, 21, 38, 43, 44, 46, 52, 56, 59, 62, 63] Pr: 2^{-107.156}  10 paths [1, 2, 4, 7, 13, 15, 18, 21, 24, 35, 43, 44, 46, 49, 51, 57, 59, 62, 63] [7, 13, 35, 41, 43, 44, 47, 51, 55, 57, 63]
3 [0, 1, 10, 12, 15, 20, 32, 43, 46, 57, 59, 60] [1, 12, 15, 18, 21, 38, 43, 44, 46, 52, 56, 59, 62, 63] Pr: 2^{-107.156}  10 paths [1, 2, 4, 7, 13, 15, 18, 21, 24, 35, 43, 44, 46, 49, 51, 57, 59, 62, 63] [7, 13, 35, 41, 43, 44, 47, 51, 55, 57, 63]
sqrt(Sum Pr^2): 2^{-104.604}
-------------------------------------
Round 11
-------------------------------------
1 [7, 9, 17, 20, 29, 39, 45, 47, 50, 53, 56] [9, 15, 37, 39, 45, 47, 53, 59] Pr: 2^{-123.885}  7 paths [1, 12, 15, 21, 31, 42, 47, 48, 53, 59, 63] [1, 15, 18, 21, 31, 40, 47, 50, 53, 56, 59, 62, 63]
2 [7, 17, 20, 29, 39, 47, 50, 53, 61, 62] [9, 15, 39, 45, 47, 56, 62] Pr: 2^{-124.191}  12 paths [12, 15, 21, 31, 42, 47, 53, 54, 56, 62, 63] [1, 15, 18, 21, 31, 47, 48, 50, 53, 54, 56, 59, 62, 63]
3 [7, 9, 29, 39, 45, 47, 50, 53, 56] [15, 37, 39, 45, 47, 53, 59] Pr: 2^{-124.207}  7 paths [1, 15, 21, 31, 42, 47, 48, 53, 59, 63] [1, 15, 18, 21, 31, 40, 47, 50, 53, 56, 59, 62, 63]
sqrt(Sum Pr^2): 2^{-121.573}
-------------------------------------
Round 10
-------------------------------------
1 [12, 14, 15, 17, 20, 34, 37, 42, 47, 53, 58] [4, 6, 12, 26, 34, 47, 53, 56] Pr: 2^{-138.207}  7 paths [7, 9, 29, 39, 45, 47, 50, 53, 56] [15, 37, 39, 45, 47, 53, 59]
2 [12, 14, 17, 20, 34, 37, 42, 47, 53, 58] [4, 6, 12, 26, 34, 47, 53, 56] Pr: 2^{-138.764}  12 paths [7, 9, 29, 39, 45, 47, 50, 53, 56] [15, 37, 39, 45, 47, 53, 59]
3 [12, 14, 15, 17, 20, 34, 37, 38, 42, 47, 53, 58] [4, 6, 12, 26, 34, 47, 53, 56] Pr: 2^{-139.207}  7 paths [7, 9, 29, 39, 45, 47, 50, 53, 56] [15, 37, 39, 45, 47, 53, 59]
sqrt(Sum Pr^2): 2^{-136.321}









