-------------------------------------
Round 1
-------------------------------------
1 [23] [23] Pr: 2^{-0} [7] []
[23] [23] Pr: 2^{-0} [7] []
sqrt(Sum Pr^2): 2^{0}
-------------------------------------
Round 2
-------------------------------------
1 [15, 23] [2, 15, 23] Pr: 2^{-1} [23] [23]
2 [15, 16, 23] [2, 15, 16, 23] Pr: 2^{-2} [23] [23]
3 [15, 16, 17, 23] [2, 15, 16, 17, 23] Pr: 2^{-3} [23] [23]
sqrt(Sum Pr^2): 2^{-0.793}
-------------------------------------
Round 3
-------------------------------------
1 [2, 7, 23] [5, 7, 18, 23] Pr: 2^{-4} [15, 23] [2, 15, 23]
2 [2, 7, 16, 23] [5, 7, 16, 18, 23] Pr: 2^{-5} [15, 23] [2, 15, 23]
3 [2, 7, 8, 23] [5, 7, 8, 18, 23] Pr: 2^{-5} [15, 23] [2, 15, 23]
sqrt(Sum Pr^2): 2^{-3.352}
-------------------------------------
Round 4
-------------------------------------
1 [5, 7, 15] [2, 5, 7, 8, 10, 15, 21] Pr: 2^{-8} [2, 7, 23] [5, 7, 18, 23]
2 [5, 7, 15, 16] [2, 5, 7, 8, 10, 15, 16, 21] Pr: 2^{-9} [2, 7, 23] [5, 7, 18, 23]
3 [5, 6, 7, 15] [2, 5, 6, 7, 8, 10, 15, 21] Pr: 2^{-9} [2, 7, 23] [5, 7, 18, 23]
sqrt(Sum Pr^2): 2^{-7.057}
-------------------------------------
Round 5
-------------------------------------
1 [2, 5, 8, 10, 15, 23] [0, 2, 11, 13, 15, 18, 23] Pr: 2^{-14.992}  2 paths [5, 7, 15] [2, 5, 7, 8, 10, 15, 21]
2 [2, 5, 10, 15, 23] [0, 2, 8, 11, 13, 15, 18, 23] Pr: 2^{-15.557}  6 paths [5, 7, 15] [2, 5, 7, 8, 10, 15, 21]
3 [2, 5, 8, 10, 11, 15, 23] [0, 2, 13, 15, 18, 23] Pr: 2^{-15.967}  2 paths [5, 7, 15] [2, 5, 7, 8, 10, 15, 21]
sqrt(Sum Pr^2): 2^{-13.027}
-------------------------------------
Round 6
-------------------------------------
1 [7, 11, 13, 21, 23] [2, 3, 5, 7, 11, 13, 14, 16, 18, 23] Pr: 2^{-22.992}  2 paths [2, 5, 8, 10, 15, 23] [0, 2, 11, 13, 15, 18, 23]
2 [3, 7, 13, 21, 23] [2, 5, 7, 13, 16, 18, 23] Pr: 2^{-23.967}  2 paths [2, 5, 8, 10, 11, 15, 23] [0, 2, 13, 15, 18, 23]
3 [7, 8, 13, 16, 21, 23] [2, 5, 7, 8, 11, 13, 18, 23] Pr: 2^{-23.972}  2 paths [0, 2, 5, 10, 15, 23] [2, 8, 13, 15, 18, 23]
sqrt(Sum Pr^2): 2^{-20.914}
-------------------------------------
Round 7
-------------------------------------
1 [2, 7, 15, 16, 18, 19] [5, 7, 8, 10, 15, 18, 21] Pr: 2^{-31.967}  2 paths [3, 7, 13, 21, 23] [2, 5, 7, 13, 16, 18, 23]
2 [2, 7, 15, 18, 19] [5, 7, 8, 10, 15, 16, 18, 21] Pr: 2^{-32.524}  7 paths [3, 7, 13, 21, 23] [2, 5, 7, 13, 16, 18, 23]
3 [2, 3, 7, 15, 16, 18] [3, 5, 6, 7, 8, 10, 15, 18, 19, 21] Pr: 2^{-32.574}  4 paths [7, 13, 21, 23] [2, 3, 5, 7, 13, 16, 18, 23]
sqrt(Sum Pr^2): 2^{-29.3}
-------------------------------------
Round 8
-------------------------------------
1 [5, 11, 15, 21, 23] [0, 5, 8, 10, 13, 15, 18, 23] Pr: 2^{-39.844}  4 paths [2, 7, 15, 16, 18, 19] [5, 7, 8, 10, 15, 18, 21]
2 [5, 15, 21, 23] [0, 5, 8, 10, 11, 13, 15, 18, 23] Pr: 2^{-40.2}  8 paths [2, 7, 15, 16, 18, 19] [5, 7, 8, 10, 15, 18, 21]
3 [5, 8, 11, 15, 21, 23] [0, 5, 10, 13, 15, 18, 23] Pr: 2^{-40.424}  8 paths [2, 7, 15, 16, 18, 19] [5, 7, 8, 10, 15, 18, 21]
sqrt(Sum Pr^2): 2^{-37.426}
-------------------------------------
Round 9
-------------------------------------
1 [3, 5, 7, 10, 18, 21, 23] [2, 5, 7, 8, 10, 13, 16, 23] Pr: 2^{-49.379}  10 paths [5, 8, 11, 15, 21, 23] [0, 5, 10, 13, 15, 18, 23]
2 [5, 7, 10, 11, 18, 21, 23] [2, 3, 5, 7, 8, 10, 11, 13, 14, 16, 23] Pr: 2^{-49.556}  19 paths [5, 8, 15, 21, 23] [0, 5, 10, 11, 13, 15, 18, 23]
3 [0, 3, 5, 7, 8, 10, 18, 21, 23] [0, 2, 5, 7, 10, 11, 13, 16, 23] Pr: 2^{-49.809}  5 paths [5, 11, 15, 21, 23] [0, 5, 8, 10, 13, 15, 18, 23]
sqrt(Sum Pr^2): 2^{-46.716}
-------------------------------------
Round 10
-------------------------------------
1 [5, 7, 8, 15, 16, 19, 21] [2, 7, 10, 11, 13, 15, 21] Pr: 2^{-59.379}  10 paths [3, 5, 7, 10, 18, 21, 23] [2, 5, 7, 8, 10, 13, 16, 23]
2 [5, 7, 15, 19, 21] [2, 7, 8, 10, 11, 13, 15, 16, 19, 21] Pr: 2^{-59.424}  8 paths [3, 5, 7, 10, 16, 18, 21, 23] [2, 5, 7, 8, 10, 13, 23]
3 [5, 7, 15, 16, 19, 21] [2, 7, 8, 10, 11, 13, 15, 21] Pr: 2^{-59.936}  15 paths [3, 5, 7, 10, 18, 21, 23] [2, 5, 7, 8, 10, 13, 16, 23]
sqrt(Sum Pr^2): 2^{-56.542}
-------------------------------------
Round 11
-------------------------------------
1 [2, 10, 15, 23] [0, 2, 5, 11, 13, 14, 15, 16, 18, 23] Pr: 2^{-67.936}  15 paths [5, 7, 15, 16, 19, 21] [2, 7, 8, 10, 11, 13, 15, 21]
2 [0, 2, 8, 10, 15, 23] [2, 5, 8, 13, 14, 15, 16, 18, 23] Pr: 2^{-68.379}  10 paths [5, 7, 8, 15, 16, 19, 21] [2, 7, 10, 11, 13, 15, 21]
3 [2, 10, 11, 15, 23] [0, 2, 5, 13, 14, 15, 16, 18, 23] Pr: 2^{-68.493}  20 paths [5, 7, 15, 16, 19, 21] [2, 7, 8, 10, 11, 13, 15, 21]
sqrt(Sum Pr^2): 2^{-65.286}
-------------------------------------
Round 12
-------------------------------------
1 [21] [5, 13, 16] Pr: 2^{-74.826}  12 paths [2, 5, 10, 18, 21] [2, 10, 13, 18]
2 [14, 21] [5, 13, 14, 16] Pr: 2^{-75.729}  12 paths [2, 5, 10, 18, 21] [2, 10, 13, 18]
3 [21, 22, 23] [5, 13, 16, 22, 23] Pr: 2^{-75.826}  12 paths [2, 5, 10, 18, 21] [2, 10, 13, 18]
sqrt(Sum Pr^2): 2^{-73.109}
-------------------------------------
Round 13
-------------------------------------
1 [5, 16] [5, 8, 19] Pr: 2^{-77.796}  13 paths [21] [5, 13, 16]
2 [5, 6, 16] [5, 6, 8, 19] Pr: 2^{-78.709}  13 paths [21] [5, 13, 16]
3 [5, 14, 16] [5, 8, 14, 19] Pr: 2^{-78.776}  14 paths [21] [5, 13, 16]
sqrt(Sum Pr^2): 2^{-76.984}
-------------------------------------
Round 14
-------------------------------------
1 [5, 19, 21] [5, 8, 11, 19, 21, 22] Pr: 2^{-81.783}  14 paths [5, 16] [5, 8, 19]
2 [5, 9, 19, 21] [5, 8, 9, 11, 19, 21, 22] Pr: 2^{-82.746}  14 paths [5, 16] [5, 8, 19]
3 [5, 19, 20, 21] [5, 8, 11, 19, 20, 21, 22] Pr: 2^{-82.796}  13 paths [5, 16] [5, 8, 19]
sqrt(Sum Pr^2): 2^{-76.984}
-------------------------------------
Round 14
-------------------------------------
1 [5, 19, 21] [5, 8, 11, 19, 21, 22] Pr: 2^{-81.783}  14 paths [5, 16] [5, 8, 19]
2 [5, 9, 19, 21] [5, 8, 9, 11, 19, 21, 22] Pr: 2^{-82.746}  14 paths [5, 16] [5, 8, 19]
3 [5, 19, 20, 21] [5, 8, 11, 19, 20, 21, 22] Pr: 2^{-82.796}  13 paths [5, 16] [5, 8, 19]
sqrt(Sum Pr^2): 2^{-80.696}
-------------------------------------
Round 15
-------------------------------------
1 [0, 8, 16] [0, 3, 8, 11, 16, 19] Pr: 2^{-87.252}  10 paths [] [0, 8, 16]
2 [0, 8, 16, 17] [0, 3, 8, 11, 16, 17, 19] Pr: 2^{-88.252}  10 paths [] [0, 8, 16]
3 [0, 8, 9, 16] [0, 3, 8, 9, 11, 16, 19] Pr: 2^{-88.252}  10 paths [] [0, 8, 16]
sqrt(Sum Pr^2): 2^{-85.968}
-------------------------------------
Round 16
-------------------------------------
1 [3, 11, 19] [6, 14, 22] Pr: 2^{-93.252}  10 paths [0, 8, 16] [0, 3, 8, 11, 16, 19]
2 [3, 9, 11, 19] [6, 9, 14, 22] Pr: 2^{-94.252}  10 paths [0, 8, 16] [0, 3, 8, 11, 16, 19]
3 [3, 11, 17, 19] [6, 14, 17, 22] Pr: 2^{-94.252}  10 paths [0, 8, 16] [0, 3, 8, 11, 16, 19]
sqrt(Sum Pr^2): 2^{-91.917}
-------------------------------------
Round 17
-------------------------------------
1 [3, 6, 11, 14, 19, 22] [1, 3, 6, 9, 11, 14, 17, 19, 22] Pr: 2^{-99.252}  10 paths [3, 11, 19] [6, 14, 22]
2 [3, 6, 11, 14, 19, 22, 23] [1, 3, 6, 9, 11, 14, 17, 19, 22, 23] Pr: 2^{-99.252}  10 paths [3, 11, 19] [6, 14, 22]
3 [3, 6, 11, 14, 19, 20, 22, 23] [1, 3, 6, 9, 11, 14, 17, 19, 20, 22, 23] Pr: 2^{-100.23}  11 paths [3, 11, 19] [6, 14, 22]
sqrt(Sum Pr^2): 2^{-97.564}
-------------------------------------
Round 18
-------------------------------------
1 [1, 9, 17] [4, 6, 12, 14, 20, 22] Pr: 2^{-108.224}  12 paths [3, 6, 11, 14, 19, 22] [1, 3, 6, 9, 11, 14, 17, 19, 22]
2 [1, 9, 15, 17, 23] [2, 4, 6, 12, 14, 15, 20, 22, 23] Pr: 2^{-109.17}  11 paths [3, 6, 11, 14, 19, 22, 23] [1, 3, 6, 9, 11, 14, 17, 19, 22, 23]
3 [1, 9, 15, 17] [4, 6, 12, 14, 15, 20, 22] Pr: 2^{-109.17}  11 paths [3, 6, 11, 14, 19, 22] [1, 3, 6, 9, 11, 14, 17, 19, 22]
sqrt(Sum Pr^2): 2^{-106.387}
-------------------------------------
Round 19
-------------------------------------
1 [1, 4, 6, 9, 12, 14, 17, 20, 22] [4, 6, 7, 12, 14, 15, 20, 22, 23] Pr: 2^{-117.224}  12 paths [1, 9, 17] [4, 6, 12, 14, 20, 22]
2 [1, 6, 9, 14, 17, 20, 22] [6, 7, 14, 20, 22, 23] Pr: 2^{-117.231}  11 paths [1, 9, 12, 17] [4, 6, 14, 20, 22]
3 [1, 6, 9, 12, 14, 17, 22, 23] [6, 12, 14, 15, 22] Pr: 2^{-117.231}  11 paths [1, 4, 9, 17] [6, 12, 14, 20, 22]
sqrt(Sum Pr^2): 2^{-114.133}
-------------------------------------
Round 20
-------------------------------------
1 [17, 23] [1, 2, 4, 9, 15, 20, 23] Pr: 2^{-124.471}  15 paths [6, 9, 14, 20, 22] [1, 6, 12, 14, 17, 22, 23]
2 [17] [1, 2, 4, 9, 15, 20] Pr: 2^{-124.471}  15 paths [6, 9, 14, 20, 22] [1, 6, 12, 14, 17, 22, 23]
3 [9, 15] [1, 7, 12, 15, 17, 18, 20] Pr: 2^{-125.009}  13 paths [1, 6, 12, 14, 22] [4, 6, 9, 14, 15, 17, 22]


-------------------------------------
Round 15
-------------------------------------
1 [12, 15] [4] Pr: 2^{-2} [7] []
2 [12, 15, 16] [4] Pr: 2^{-3} [7] []
3 [12, 13, 15] [4] Pr: 2^{-3} [7] []
sqrt(Sum Pr^2): 2^{-1.577}
-------------------------------------
Round 14
-------------------------------------
1 [9, 17, 23] [1, 9, 12] Pr: 2^{-6} [12, 15] [4]
2 [9, 17, 21, 23] [1, 9, 12] Pr: 2^{-7} [12, 15] [4]
3 [0, 9, 17, 23] [1, 9, 12] Pr: 2^{-7} [12, 15] [4]
sqrt(Sum Pr^2): 2^{-5.101}
-------------------------------------
Round 13
-------------------------------------
1 [1, 4, 6, 22] [9, 14, 20, 22] Pr: 2^{-10.992}  2 paths [9, 17, 23] [1, 9, 12]
2 [1, 4, 6, 7, 22] [9, 14, 20, 22] Pr: 2^{-10.992}  2 paths [9, 17, 23] [1, 9, 12]
3 [1, 4, 6, 18, 22] [9, 14, 20, 22] Pr: 2^{-11.967}  2 paths [9, 17, 23] [1, 9, 12]
sqrt(Sum Pr^2): 2^{-9.425}
-------------------------------------
Round 12
-------------------------------------
1 [1, 11, 12, 19] [1, 3, 6, 11, 17, 22] Pr: 2^{-17.979}  3 paths [1, 4, 6, 22] [9, 14, 20, 22]
2 [1, 7, 11, 12, 19] [1, 3, 6, 11, 17, 22] Pr: 2^{-17.992}  2 paths [1, 4, 6, 22] [9, 14, 20, 22]
3 [1, 7, 11, 19] [1, 3, 6, 11, 17, 22] Pr: 2^{-18.549}  7 paths [1, 4, 6, 22] [9, 14, 20, 22]
sqrt(Sum Pr^2): 2^{-15.764}
-------------------------------------
Round 11
-------------------------------------
1 [0, 8, 9, 11, 19, 22] [0, 3, 14, 16, 19] Pr: 2^{-25.549}  7 paths [1, 11, 19] [1, 3, 6, 11, 17, 22]
2 [0, 8, 11, 19, 22] [0, 3, 14, 16, 19] Pr: 2^{-26.106}  12 paths [1, 11, 19] [1, 3, 6, 11, 17, 22]
3 [0, 8, 9, 11, 19, 20, 22] [0, 3, 14, 16, 19] Pr: 2^{-26.524}  8 paths [1, 11, 19] [1, 3, 6, 11, 17, 22]
sqrt(Sum Pr^2): 2^{-23.331}
-------------------------------------
Round 10
-------------------------------------
1 [6, 13, 21] [0, 5, 8, 11, 13, 19] Pr: 2^{-32.947}  15 paths [0, 8, 11, 19, 22] [0, 3, 14, 16, 19]
2 [6, 7, 13, 21] [0, 5, 8, 11, 13, 19] Pr: 2^{-32.947}  15 paths [0, 8, 11, 19, 22] [0, 3, 14, 16, 19]
3 [13, 21] [0, 5, 8, 11, 13, 19, 22] Pr: 2^{-33.288}  13 paths [0, 1, 8, 11, 19, 22] [0, 3, 14, 16, 19]
sqrt(Sum Pr^2): 2^{-30.522}
-------------------------------------
Round 9
-------------------------------------
1 [0, 2, 3, 10, 13, 16, 21] [2, 5, 8, 16, 18, 19, 21] Pr: 2^{-41.253}  15 paths [13, 21] [0, 5, 8, 11, 13, 19, 22]
2 [0, 2, 5, 8, 10, 16, 21] [2, 8, 18] Pr: 2^{-41.277}  7 paths [0, 13, 16, 21] [0, 5, 11, 13, 16]
3 [0, 2, 10, 13, 16, 21] [2, 5, 8, 16, 18, 19, 21] Pr: 2^{-41.828}  18 paths [13, 21] [0, 5, 8, 11, 13, 19, 22]
sqrt(Sum Pr^2): 2^{-38.571}
-------------------------------------
Round 8
-------------------------------------
1 [0, 8, 9, 12] [1, 5, 21] Pr: 2^{-49.704}  13 paths [0, 4, 5, 16, 21] [5, 8, 16, 21]
2 [0, 8, 9, 12, 13] [1, 5, 21] Pr: 2^{-50.295}  16 paths [0, 4, 5, 16, 21] [5, 8, 16, 21]
3 [0, 8, 12] [1, 5, 21] Pr: 2^{-50.295}  16 paths [0, 4, 5, 16, 21] [5, 8, 16, 21]
sqrt(Sum Pr^2): 2^{-47.081}
-------------------------------------
Round 7
-------------------------------------
1 [2, 5, 10, 16, 19, 21] [2, 8, 13, 18, 21] Pr: 2^{-57.277}  6 paths [11] [0, 5, 16, 21]
2 [2, 5, 10, 16, 17, 19, 21] [2, 8, 13, 18, 21] Pr: 2^{-58.277}  6 paths [11] [0, 5, 16, 21]
3 [2, 5, 6, 7, 10, 16, 19, 21] [2, 8, 13, 18, 21] Pr: 2^{-58.277}  6 paths [11] [0, 5, 16, 21]
sqrt(Sum Pr^2): 2^{-55.446}
-------------------------------------
Round 6
-------------------------------------
1 [15, 16, 23] [2, 5, 7, 10, 15, 21] Pr: 2^{-66.277}  6 paths [2, 5, 8, 10, 21] [0, 2, 13, 18, 21]
2 [3, 5, 15, 21, 23] [2, 5, 7, 10, 13, 15, 16] Pr: 2^{-66.277}  6 paths [2, 5, 10, 16, 19, 21] [2, 8, 13, 18, 21]
3 [4, 5, 12, 15] [4, 7, 10, 15, 20, 21, 23] Pr: 2^{-66.67}  5 paths [10, 15, 23] [0, 2, 7, 13, 15, 18]
sqrt(Sum Pr^2): 2^{-63.572}
-------------------------------------
Round 5
-------------------------------------
1 [2, 4, 10, 12, 15, 23] [2, 4, 7, 18, 20, 23] Pr: 2^{-72.834}  11 paths [15, 23] [2, 5, 7, 10, 15, 21]
2 [2, 4, 10, 12, 13, 15, 23] [2, 4, 7, 18, 20, 23] Pr: 2^{-73.834}  11 paths [15, 23] [2, 5, 7, 10, 15, 21]
3 [2, 4, 10, 11, 12, 15, 23] [2, 4, 7, 18, 20, 23] Pr: 2^{-73.834}  11 paths [15, 23] [2, 5, 7, 10, 15, 21]
sqrt(Sum Pr^2): 2^{-71.076}
-------------------------------------
Round 4
-------------------------------------
1 [1, 7, 10, 15, 17, 18] [4, 7, 9, 12, 15, 17] Pr: 2^{-80.821}  12 paths [2, 4, 10, 12, 15, 23] [2, 4, 7, 18, 20, 23]
2 [1, 7, 10, 15, 17] [4, 7, 9, 12, 15, 17] Pr: 2^{-81.391}  16 paths [2, 4, 10, 12, 15, 23] [2, 4, 7, 18, 20, 23]
3 [1, 7, 10, 13, 15, 17, 18] [4, 7, 9, 12, 15, 17] Pr: 2^{-81.781}  12 paths [2, 4, 10, 12, 15, 23] [2, 4, 7, 18, 20, 23]
sqrt(Sum Pr^2): 2^{-78.927}
-------------------------------------
Round 3
-------------------------------------
1 [1, 6, 14, 17, 18, 23] [1, 6, 7, 9, 22] Pr: 2^{-89.391}  16 paths [1, 7, 10, 15, 17] [4, 7, 9, 12, 15, 17]
2 [1, 2, 6, 14, 17, 18] [1, 6, 7, 9, 15, 22] Pr: 2^{-89.821}  12 paths [1, 7, 10, 15, 17, 18] [4, 7, 9, 12, 15, 17]
3 [1, 6, 14, 15, 17, 18, 23] [1, 6, 7, 9, 22] Pr: 2^{-89.948}  21 paths [1, 7, 10, 15, 17] [4, 7, 9, 12, 15, 17]
sqrt(Sum Pr^2): 2^{-86.969}
-------------------------------------
Round 2
-------------------------------------
1 [1, 3, 7, 9, 19] [6, 11, 14, 19] Pr: 2^{-97.017}  17 paths [1, 6, 7, 14, 17, 23] [1, 6, 7, 9, 22, 23]
2 [1, 3, 7, 9, 15, 19] [6, 11, 14, 19] Pr: 2^{-97.612}  14 paths [1, 6, 7, 14, 17, 23] [1, 6, 7, 9, 22, 23]
3 [1, 3, 4, 7, 9, 12, 19] [4, 6, 11, 14, 19, 20] Pr: 2^{-97.982}  19 paths [1, 6, 14, 17, 23] [1, 6, 7, 9, 22]
sqrt(Sum Pr^2): 2^{-94.871}
-------------------------------------
Round 1
-------------------------------------
1 [6, 8, 12, 14, 15, 16, 17] [0, 3, 4, 6, 8, 19] Pr: 2^{-107.34}  16 paths [3, 7, 9, 19, 22] [6, 11, 19]
2 [6, 8, 12, 14, 16, 17] [0, 3, 4, 6, 8, 19] Pr: 2^{-107.682}  29 paths [3, 7, 9, 19, 22] [6, 11, 19]
3 [6, 8, 12, 14, 15, 17] [0, 3, 4, 6, 8, 19] Pr: 2^{-107.77}  23 paths [3, 7, 9, 19, 22] [6, 11, 19]
