-------------------------------------
Round 1
-------------------------------------
1 [15] [15] Pr: 2^{-0} [6] []
[15] [15] Pr: 2^{-0} [6] []
sqrt(Sum Pr^2): 2^{0}
-------------------------------------
Round 2
-------------------------------------
1 [8, 15] [1, 8, 15] Pr: 2^{-1} [15] [15]
2 [8, 9, 15] [1, 8, 9, 15] Pr: 2^{-2} [15] [15]
3 [8, 9, 10, 15] [1, 8, 9, 10, 15] Pr: 2^{-3} [15] [15]
sqrt(Sum Pr^2): 2^{-0.793}
-------------------------------------
Round 3
-------------------------------------
1 [15] [1, 3, 10, 15] Pr: 2^{-3} [8, 15] [1, 8, 15]
2 [2, 15] [1, 2, 3, 10, 15] Pr: 2^{-4} [8, 15] [1, 8, 15]
3 [9, 15] [1, 3, 9, 10, 15] Pr: 2^{-4} [8, 15] [1, 8, 15]
sqrt(Sum Pr^2): 2^{-2.558}
-------------------------------------
Round 4
-------------------------------------
1 [1, 3, 8, 10, 15] [5, 8, 10, 12, 15] Pr: 2^{-7} [15] [1, 3, 10, 15]
2 [1, 3, 4, 8, 10, 15] [4, 5, 8, 10, 12, 15] Pr: 2^{-7.989}  2 paths [15] [1, 3, 10, 15]
3 [1, 3, 8, 9, 10, 15] [5, 8, 9, 10, 12, 15] Pr: 2^{-8} [15] [1, 3, 10, 15]
sqrt(Sum Pr^2): 2^{-6.007}
-------------------------------------
Round 5
-------------------------------------
1 [1, 3, 5, 15] [3, 5, 7, 10, 12, 14, 15] Pr: 2^{-12.978}  3 paths [1, 3, 8, 10, 15] [5, 8, 10, 12, 15]
2 [1, 3, 5, 13, 15] [3, 5, 7, 10, 12, 13, 14, 15] Pr: 2^{-13.945}  3 paths [1, 3, 8, 10, 15] [5, 8, 10, 12, 15]
3 [1, 3, 4, 5, 15] [3, 4, 5, 7, 10, 12, 14, 15] Pr: 2^{-13.945}  3 paths [1, 3, 8, 10, 15] [5, 8, 10, 12, 15]
15] [5, 8, 10, 11, 15]
sqrt(Sum Pr^2): 2^{-11.407}
-------------------------------------
Round 6
-------------------------------------
1 [3, 5, 7, 8, 15] [0, 1, 3, 8, 9, 12, 14, 15] Pr: 2^{-19.902}  5 paths [1, 3, 5, 15] [3, 5, 7, 10, 12, 14, 15]
2 [3, 5, 7, 8] [0, 1, 3, 8, 9, 12, 14] Pr: 2^{-19.902}  5 paths [1, 3, 5, 15] [3, 5, 7, 10, 12, 14, 15]
3 [3, 5, 7] [0, 1, 3, 9, 12, 14] Pr: 2^{-20.495}  9 paths [1, 3, 5, 15] [3, 5, 7, 10, 12, 14, 15]
sqrt(Sum Pr^2): 2^{-17.574}
-------------------------------------
Round 7
-------------------------------------
1 [0, 12] [0, 12, 14] Pr: 2^{-26}  4 paths [7] [12]
2 [1, 3, 9, 15] [0, 1, 2, 5, 9, 11, 14, 15] Pr: 2^{-26.239}  12 paths [3, 5, 7] [0, 1, 3, 9, 12, 14]
3 [1, 3, 9] [0, 1, 2, 5, 9, 11, 14] Pr: 2^{-26.239}  12 paths [3, 5, 7] [0, 1, 3, 9, 12, 14]
sqrt(Sum Pr^2): 2^{-23.096}
-------------------------------------
Round 8
-------------------------------------
1 [0, 5, 9, 12, 14] [2, 5, 9, 12] Pr: 2^{-31}  4 paths [0, 12] [0, 12, 14]
2 [0, 5, 9, 12, 14, 15] [2, 5, 9, 12, 15] Pr: 2^{-31}  4 paths [0, 12] [0, 12, 14]
3 [0, 5, 11, 12, 14, 15] [2, 5, 7, 11, 12, 14, 15] Pr: 2^{-31.958}  20 paths [2, 3] [0, 5, 14]
-------------------------------------
Round 9
-------------------------------------

-------------------------------------
Round 10
-------------------------------------
1 [11, 13] [4] Pr: 2^{-2} [6] []
2 [11, 13, 14] [4] Pr: 2^{-3} [6] []
3 [11, 12, 13] [4] Pr: 2^{-3} [6] []
sqrt(Sum Pr^2): 2^{-1.551}
-------------------------------------
Round 9
-------------------------------------
1 [0, 4, 9] [2, 9, 11] Pr: 2^{-6} [11, 13] [4]
2 [0, 1, 4, 9] [2, 9, 11] Pr: 2^{-7} [11, 13] [4]
3 [0, 4, 5, 6, 9] [2, 9, 11] Pr: 2^{-7} [11, 13] [4]
sqrt(Sum Pr^2): 2^{-4.825}
-------------------------------------
Round 8
-------------------------------------
1 [5, 6, 9, 11] [0, 2, 9, 14] Pr: 2^{-10.989}  2 paths [0, 4, 9] [2, 9, 11]
2 [5, 9, 11] [0, 2, 9, 14] Pr: 2^{-10.989}  2 paths [0, 4, 9] [2, 9, 11]
3 [1, 5, 6, 9, 11] [0, 2, 9, 14] Pr: 2^{-11.956}  2 paths [0, 4, 9] [2, 9, 11]
sqrt(Sum Pr^2): 2^{-9.137}
-------------------------------------
Round 7
-------------------------------------
1 [2, 3, 5, 6, 7, 10, 12] [0, 3, 9, 12, 14] Pr: 2^{-17.978}  3 paths [5, 9, 11] [0, 2, 9, 14]
2 [2, 3, 5, 7, 10, 12] [0, 3, 9, 12, 14] Pr: 2^{-17.978}  3 paths [5, 9, 11] [0, 2, 9, 14]
3 [2, 5, 6, 7, 10, 12] [0, 3, 9, 12, 14] Pr: 2^{-18.404}  7 paths [5, 9, 11] [0, 2, 9, 14]


