-------------------------------------
Round 1
-------------------------------------
1 [30, 31] [30, 31] Pr: 2^{-1} [6] []
2 [30] [30] Pr: 2^{-1} [6] []
sqrt(Sum Pr^2): 2^{-0.5}
-------------------------------------
Round 2
-------------------------------------
1 [22, 30] [1, 22, 30] Pr: 2^{-3} [30] [30]
2 [22, 30, 31] [1, 22, 30, 31] Pr: 2^{-3} [30] [30]
3 [22, 23, 30] [1, 22, 23, 30] Pr: 2^{-4} [30] [30]
sqrt(Sum Pr^2): 2^{-2.05}
-------------------------------------
Round 3
-------------------------------------
1 [1, 14, 30] [4, 14, 25, 30] Pr: 2^{-7} [22, 30] [1, 22, 30]
2 [1, 14, 30, 31] [4, 14, 25, 30, 31] Pr: 2^{-7} [22, 30] [1, 22, 30]
3 [1, 14, 23, 30] [4, 14, 23, 25, 30] Pr: 2^{-8} [22, 30] [1, 22, 30]
sqrt(Sum Pr^2): 2^{-5.559}
-------------------------------------
Round 4
-------------------------------------
1 [4, 6, 14, 22, 30, 31] [1, 4, 6, 7, 14, 17, 22, 28, 30, 31] Pr: 2^{-12.928}  3 paths [1, 14, 30] [4, 14, 25, 30]
2 [4, 6, 14, 22, 30] [1, 4, 6, 7, 14, 17, 22, 28, 30] Pr: 2^{-12.928}  3 paths [1, 14, 30] [4, 14, 25, 30]
3 [4, 6, 14, 22, 26, 30] [1, 4, 6, 7, 14, 17, 22, 26, 28, 30] Pr: 2^{-13.781}  2 paths [1, 14, 30] [4, 14, 25, 30]
sqrt(Sum Pr^2): 2^{-11.014}
-------------------------------------
Round 5
-------------------------------------
1 [1, 4, 17] [7, 9, 20, 25, 31] Pr: 2^{-21.928}  3 paths [4, 6, 7, 14, 22, 30] [1, 4, 6, 14, 17, 22, 28, 30]
2 [1, 4, 7, 17] [9, 10, 20, 25, 31] Pr: 2^{-21.928}  3 paths [4, 6, 14, 22, 30] [1, 4, 6, 7, 14, 17, 22, 28, 30]
3 [1, 4, 17, 31] [7, 9, 20, 25] Pr: 2^{-21.928}  3 paths [4, 6, 7, 14, 22, 30] [1, 4, 6, 14, 17, 22, 28, 30]
sqrt(Sum Pr^2): 2^{-19.409}
-------------------------------------
Round 6
-------------------------------------
1 [7, 20, 28, 31] [2, 7, 10, 12, 20, 23, 31] Pr: 2^{-26.856}  5 paths [1, 4, 17] [7, 9, 20, 25, 31]
2 [20, 28] [2, 12, 20, 23] Pr: 2^{-26.859}  4 paths [1, 4, 7, 17] [9, 20, 25, 31]
3 [10, 20, 28] [2, 10, 12, sqrt(Sum Pr^2): 2^{-24.667}
-------------------------------------
Round 7
-------------------------------------
1 [2, 23] [2, 5, 15, 26] Pr: 2^{-30.859}  4 paths [20, 28] [2, 12, 20, 23]
2 [2, 23, 24] [2, 5, 15, 24, 26] Pr: 2^{-31.859}  4 paths [20, 28] [2, 12, 20, 23]
3 [2, 3, 23] [2, 3, 5, 15, 26] Pr: 2^{-31.859}  4 paths [20, 28] [2, 12, 20, 23]
13, 20, 23] Pr: 2^{-26.877}  4 paths [1, 4, 7, 17] [9, 10, 20, 25, 31]
sqrt(Sum Pr^2): 2^{-29.468}
-------------------------------------
Round 8
-------------------------------------
1 [2, 5] [2, 8, 18, 29] Pr: 2^{-34.859}  4 paths [2, 23] [2, 5, 15, 26]
2 [2, 5, 16] [2, 8, 16, 18, 29] Pr: 2^{-35.837}  5 paths [2, 23] [2, 5, 15, 26]
3 [2, 5, 6] [2, 6, 8, 18, 29] Pr: 2^{-35.859}  4 paths [2, 23] [2, 5, 15, 26]
sqrt(Sum Pr^2): 2^{-33.688}
-------------------------------------
Round 9
-------------------------------------
1 [2, 8, 18, 26] [0, 2, 5, 8, 11, 18, 21, 26] Pr: 2^{-39.859}  4 paths [2, 5] [2, 8, 18, 29]
2 [2, 8, 18, 26, 30, 31] [0, 2, 5, 8, 11, 18, 21, 26, 30, 31] Pr: 2^{-40.837}  5 paths [2, 5] [2, 8, 18, 29]
3 [2, 8, 18, 26, 30] [0, 2, 5, 8, 11, 18, 21, 26, 30] Pr: 2^{-40.837}  5 paths [2, 5] [2, 8, 18, 29]
sqrt(Sum Pr^2): 2^{-38.402}
-------------------------------------
Round 10
-------------------------------------
1 [2, 5, 8, 10, 29] [2, 10, 11, 13, 21, 29] Pr: 2^{-46.9}  4 paths [5, 26] [2, 5, 8, 10, 18]
2 [2, 5, 8, 10, 19, 29] [2, 10, 11, 13, 19, 21, 29] Pr: 2^{-47.878}  5 paths [5, 26] [2, 5, 8, 10, 18]
3 [2, 5, 8, 10, 29, 30, 31] [2, 10, 11, 13, 21, 29, 30, 31] Pr: 2^{-47.9}  4 paths [5, 26] [2, 5, 8, 10, 18]
sqrt(Sum Pr^2): 2^{-45.054}
-------------------------------------
Round 11
-------------------------------------
1 [0, 10, 11, 13, 26] [5, 10, 11, 14, 16, 24, 26] Pr: 2^{-54.889}  5 paths [2, 5, 8, 10, 29] [2, 10, 11, 13, 21, 29]
2 [0, 10, 13, 26] [5, 10, 14, 16, 24, 26] Pr: 2^{-55.457}  9 paths [2, 5, 8, 10, 29] [2, 10, 11, 13, 21, 29]
3 [0, 1, 10, 11, 13, 26] [1, 5, 10, 11, 14, 16, 24, 26] Pr: 2^{-55.856}  5 paths [2, 5, 8, 10, 29] [2, 10, 11, 13, 21, 29]
sqrt(Sum Pr^2): 2^{-52.839}
-------------------------------------
Round 12
-------------------------------------
1 [2, 10, 16, 18, 26] [2, 8, 10, 13, 16, 18, 19, 26, 27, 29] Pr: 2^{-63.065}  9 paths [0, 10, 13, 26] [5, 10, 16, 24, 26]
2 [2, 10, 14, 16, 18, 26] [2, 8, 10, 13, 14, 16, 17, 18, 19, 26, 27, 29] Pr: 2^{-63.352}  11 paths [0, 10, 13, 26] [5, 10, 14, 16, 24, 26]
3 [2, 6, 10, 16, 18, 26] [2, 6, 8, 10, 13, 16, 18, 19, 26, 27, 29] Pr: 2^{-63.441}  7 paths [0, 10, 13, 26] [5, 10, 16, 24, 26]
sqrt(Sum Pr^2): 2^{-60.939}
-------------------------------------
Round 13
-------------------------------------
1 [13, 16, 19, 27, 29] [0, 5, 11, 21, 22, 27, 30] Pr: 2^{-73.065}  9 paths [2, 10, 16, 18, 26] [2, 8, 10, 13, 16, 18, 19, 26, 27, 29]
2 [13, 16, 29] [0, 5, 11, 19, 21, 22] Pr: 2^{-73.508}  6 paths [2, 10, 16, 18, 26, 27] [2, 8, 10, 13, 16, 18, 19, 26, 29]
3 [13, 16, 27, 29] [0, 5, 11, 19, 21, 22, 27, 30] Pr: 2^{-73.656}  12 paths [2, 10, 16, 18, 26] [2, 8, 10, 13, 16, 18, 19, 26, 27, 29]
sqrt(Sum Pr^2): 2^{-70.854}
-------------------------------------
Round 14
-------------------------------------
1 [0, 8, 22] [0, 3, 14, 22, 24, 25] Pr: 2^{-80.099}  9 paths [13, 16, 19, 29] [0, 5, 11, 21, 22]
2 [0, 8, 11, 19, 22] [0, 3, 11, 14, 19, 24, 25] Pr: 2^{-80.508}  6 paths [13, 16, 29] [0, 5, 11, 19, 21, 22]
3 [0, 8] [0, 3, 14, 24, 25] Pr: 2^{-80.689}  12 paths [13, 16, 19, 29] [0, 5, 11, 21, 22]
sqrt(Sum Pr^2): 2^{-77.898}
-------------------------------------
Round 15
-------------------------------------
1 [3, 14] [6, 14, 17, 27] Pr: 2^{-85.082}  9 paths [0, 8] [0, 3, 14, 24]
2 [3, 14, 25] [6, 14, 17, 25, 27, 28] Pr: 2^{-85.689}  12 paths [0, 8] [0, 3, 14, 24, 25]
3 [3, 4, 14] [4, 6, 14, 17, 27] Pr: 2^{-86.061}  10 paths [0, 8] [0, 3, 14, 24]
sqrt(Sum Pr^2): 2^{-83.399}
-------------------------------------
Round 16
-------------------------------------
1 [14, 17] [9, 14, 20, 30] Pr: 2^{-89.073}  10 paths [3, 14] [6, 14, 17, 27]
2 [14, 17, 28] [9, 14, 20, 28, 30] Pr: 2^{-90.048}  10 paths [3, 14] [6, 14, 17, 27]
3 [14, 17, 18] [9, 14, 18, 20, 30] Pr: 2^{-90.082}  9 paths [3, 14] [6, 14, 17, 27]
sqrt(Sum Pr^2): 2^{-87.893}
-------------------------------------
Round 17
-------------------------------------
1 [22] [22] Pr: 2^{-91.508}  7 paths [30] []
2 [22, 23, 31] [2, 22, 23, 31] Pr: 2^{-92.508}  7 paths [30, 31] [31]
3 [22, 23] [22, 23] Pr: 2^{-92.508}  7 paths [30] []
sqrt(Sum Pr^2): 2^{-90.953}
-------------------------------------
Round 18
-------------------------------------
1 [14, 22] [14, 22, 25] Pr: 2^{-93.508}  7 paths [22] [22]
2 [14, 22, 23] [14, 22, 23, 25] Pr: 2^{-94.508}  7 paths [22] [22]
3 [14, 15, 22] [14, 15, 22, 25] Pr: 2^{-94.508}  7 paths [22] [22]
sqrt(Sum Pr^2): 2^{-93.052}
-------------------------------------
Round 19
-------------------------------------
1 [6, 22, 25] [6, 17, 22, 28] Pr: 2^{-97.508}  7 paths [14, 22] [14, 22, 25]
2 [6, 22, 23, 25] [6, 17, 22, 23, 28] Pr: 2^{-98.508}  7 paths [14, 22] [14, 22, 25]
3 [6, 15, 22, 25] [6, 15, 17, 22, 28] Pr: 2^{-98.508}  7 paths [14, 22] [14, 22, 25]
sqrt(Sum Pr^2): 2^{-96.625}
-------------------------------------
Round 20
-------------------------------------
1 [6, 14, 22, 28, 30, 31] [6, 9, 14, 20, 22, 25, 28, 30] Pr: 2^{-103.508}  7 paths [6, 22, 25] [6, 17, 22, 28]
2 [6, 14, 22, 28, 30] [6, 9, 14, 20, 22, 25, 28, 30, 31] Pr: 2^{-103.508}  7 paths [6, 22, 25] [6, 17, 22, 28]
3 [6, 14, 18, 22, 28, 30] [6, 9, 14, 18, 20, 22, 25, 28, 30, 31] Pr: 2^{-104.486}  8 paths [6, 22, 25] [6, 17, 22, 28]



-------------------------------------
Round 15
-------------------------------------
1 [12] [4] Pr: 2^{-1.0} [] [7]
2 [12, 13] [4] Pr: 2^{-2.0} [] [7]
3 [12, 13, 14] [4] Pr: 2^{-3.0} [] [7]
Squared sum: 2^{-0.7926573820963926}
-------------------------------------
Round 14
-------------------------------------
1 [9, 17, 20] [1, 9] Pr: 2^{-4.0} [12] [4]
2 [9, 10, 17, 20] [1, 9] Pr: 2^{-5.0} [12] [4]
3 [9, 17, 18, 20] [1, 9] Pr: 2^{-5.0} [12] [4]
Squared sum: 2^{-3.3353664372498883}
-------------------------------------
Round 13
-------------------------------------
1 [6, 17, 22, 28] [14, 17, 30] Pr: 2^{-9.0} [9, 17, 20] [1, 9]
2 [6, 7, 17, 22, 28] [14, 17, 30] Pr: 2^{-9.0} [9, 17, 20] [1, 9]
3 [6, 17, 18, 22, 28] [14, 17, 30] Pr: 2^{-10.0} [9, 17, 20] [1, 9]
Squared sum: 2^{-7.571769379635643}
-------------------------------------
Round 12
-------------------------------------
1 [1, 3, 4, 11, 14, 19, 25, 27, 30] [3, 11, 19, 25, 27] Pr: 2^{-18.0} [6, 17, 22, 28] [14, 17, 30]
2 [1, 2, 3, 4, 11, 14, 19, 25, 27, 30] [3, 11, 19, 25, 27] Pr: 2^{-19.0} [6, 17, 22, 28] [14, 17, 30]
3 [1, 3, 4, 11, 12, 14, 19, 25, 27, 30] [3, 11, 19, 25, 27] Pr: 2^{-19.0} [6, 17, 22, 28] [14, 17, 30]
Squared sum: 2^{-16.454553086859814}