-------------------------------------
Round 1
-------------------------------------
1 [47] [47] Pr: 2^{-0} [7] []
sqrt(Sum Pr^2): 2^{0}
-------------------------------------
Round 2
-------------------------------------
1 [39, 47] [2, 39, 47] Pr: 2^{-1} [47] [47]
2 [39, 40, 47] [2, 39, 40, 47] Pr: 2^{-2} [47] [47]
3 [39, 40, 41, 47] [2, 39, 40, 41, 47] Pr: 2^{-3} [47] [47]
sqrt(Sum Pr^2): 2^{-0.793}
-------------------------------------
Round 3
-------------------------------------
1 [2, 31, 47] [5, 31, 42, 47] Pr: 2^{-4} [39, 47] [2, 39, 47]
2 [2, 31, 40, 47] [5, 31, 40, 42, 47] Pr: 2^{-5} [39, 47] [2, 39, 47]
3 [2, 3, 31, 47] [3, 5, 31, 42, 47] Pr: 2^{-5} [39, 47] [2, 39, 47]
sqrt(Sum Pr^2): 2^{-3.352}
-------------------------------------
Round 4
-------------------------------------
1 [5, 23, 31, 39, 47] [2, 5, 8, 23, 31, 34, 39, 45, 47] Pr: 2^{-9} [2, 31, 47] [5, 31, 42, 47]
2 [5, 23, 31, 32, 39, 47] [2, 5, 8, 23, 31, 32, 34, 39, 45, 47] Pr: 2^{-10} [2, 31, 47] [5, 31, 42, 47]
3 [5, 6, 23, 31, 39, 47] [2, 5, 6, 8, 23, 31, 34, 39, 45, 47] Pr: 2^{-10} [2, 31, 47] [5, 31, 42, 47]
sqrt(Sum Pr^2): 2^{-7.883}
-------------------------------------
Round 5
-------------------------------------
1 [2, 5, 8, 15, 34, 47] [0, 11, 15, 26, 37, 42, 47] Pr: 2^{-17.992}  2 paths [5, 23, 31, 39, 47] [2, 5, 8, 23, 31, 34, 39, 45, 47]
2 [2, 5, 8, 15, 34, 35, 47] [0, 11, 15, 26, 35, 37, 42, 47] Pr: 2^{-18.967}  2 paths [5, 23, 31, 39, 47] [2, 5, 8, 23, 31, 34, 39, 45, 47]
3 [2, 5, 8, 9, 15, 34, 47] [0, 9, 11, 15, 26, 37, 42, 47] Pr: 2^{-19} [5, 23, 31, 39, 47] [2, 5, 8, 23, 31, 34, 39, 45, 47]
sqrt(Sum Pr^2): 2^{-16.463}
-------------------------------------
Round 6
-------------------------------------
1 [7, 11, 15, 37, 39, 45, 47] [2, 3, 7, 11, 14, 15, 18, 29, 37, 39, 40, 47] Pr: 2^{-26.992}  2 paths [2, 5, 8, 15, 34, 47] [0, 11, 15, 26, 37, 42, 47]
2 [7, 11, 15, 37, 39, 40, 45, 47] [2, 3, 7, 11, 14, 15, 18, 29, 37, 39, 47] Pr: 2^{-27.992}  2 paths [2, 5, 8, 15, 34, 47] [0, 11, 15, 26, 37, 42, 47]
3 [7, 11, 15, 16, 37, 39, 45, 47] [2, 3, 7, 11, 14, 15, 16, 18, 29, 37, 39, 40, 47] Pr: 2^{-27.992}  2 paths [2, 5, 8, 15, 34, 47] [0, 11, 15, 26, 37, 42, 47]
sqrt(Sum Pr^2): 2^{-25.439}
-------------------------------------
Round 7
-------------------------------------
1 [2, 11, 14, 15, 18, 31, 40] [5, 6, 10, 11, 15, 17, 21, 31, 32, 42, 43] Pr: 2^{-38.992}  2 paths [7, 11, 15, 37, 39, 45, 47] [2, 3, 7, 11, 14, 15, 18, 29, 37, 39, 40, 47]
2 [2, 3, 11, 14, 15, 18, 31, 40] [3, 5, 6, 10, 11, 15, 17, 21, 31, 32, 42, 43] Pr: 2^{-39.582}  5 paths [7, 11, 15, 37, 39, 45, 47] [2, 3, 7, 11, 14, 15, 18, 29, 37, 39, 40, 47]
3 [2, 11, 14, 18, 31, 40] [5, 6, 10, 11, 17, 21, 31, 32, 42, 43] Pr: 2^{-39.582}  5 paths [7, 11, 15, 37, 39, 45, 47] [2, 3, 7, 11, 14, 15, 18, 29, 37, 39, 40, 47]
sqrt(Sum Pr^2): 2^{-37.063}
-------------------------------------
Round 8
-------------------------------------
1 [3, 5, 11, 17, 21, 23, 31, 43] [3, 5, 8, 9, 11, 13, 14, 17, 20, 21, 23, 24, 31, 34, 35, 43, 45, 46] Pr: 2^{-51.557}  6 paths [2, 11, 14, 18, 31, 40] [5, 6, 10, 11, 17, 21, 31, 32, 42, 43]
2 [3, 5, 6, 11, 17, 21, 23, 31, 43] [3, 5, 6, 8, 9, 11, 13, 14, 17, 20, 21, 23, 24, 31, 34, 35, 43, 45, 46] Pr: 2^{-52.135}  9 paths [2, 11, 14, 18, 31, 40] [5, 6, 10, 11, 17, 21, 31, 32, 42, 43]
3 [3, 5, 17, 21, 23, 31, 43] [3, 5, 8, 9, 13, 14, 17, 20, 21, 23, 24, 31, 34, 35, 43, 45, 46] Pr: 2^{-52.154}  9 paths [2, 11, 14, 18, 31, 40] [5, 6, 10, 11, 17, 21, 31, 32, 42, 43]
sqrt(Sum Pr^2): 2^{-49.245}
-------------------------------------
Round 9
-------------------------------------
1 [5, 8, 14, 15, 17, 20, 21, 24, 31, 34, 35] [0, 1, 5, 11, 12, 14, 15, 16, 21, 23, 26, 27, 31, 35, 37, 38] Pr: 2^{-69.482}  12 paths [5, 6, 17, 21, 23, 31] [5, 8, 9, 13, 14, 17, 20, 21, 23, 24, 31, 34, 35, 45, 46]
2 [5, 6, 8, 14, 15, 17, 20, 21, 24, 31, 34, 35, 46] [0, 1, 5, 6, 9, 11, 12, 14, 15, 16, 21, 23, 26, 27, 31, 35, 37, 38, 46] Pr: 2^{-69.824}  10 paths [5, 17, 21, 23, 31] [5, 6, 8, 9, 13, 14, 17, 20, 21, 23, 24, 31, 34, 35, 45, 46]
3 [5, 8, 15, 17, 20, 21, 24, 31, 34, 35] [0, 1, 5, 11, 12, 15, 16, 21, 23, 26, 27, 31, 35, 37, 38] Pr: 2^{-69.912}  19 paths [5, 6, 17, 21, 23, 31] [5, 8, 9, 13, 14, 17, 20, 21, 23, 24, 31, 34, 35, 45, 46]
sqrt(Sum Pr^2): 2^{-66.362}
-------------------------------------
Round 10
-------------------------------------

-------------------------------------
Round 15
-------------------------------------
1 [12, 15] [4] Pr: 2^{-2} [7] []
2 [12, 15, 16] [4] Pr: 2^{-3} [7] []
3 [12, 13, 15] [4] Pr: 2^{-3} [7] []
sqrt(Sum Pr^2): 2^{-1.577}
-------------------------------------
Round 14
-------------------------------------
1 [9, 17, 23] [1, 9, 12] Pr: 2^{-6} [12, 15] [4]
2 [9, 17, 21, 23] [1, 9, 12] Pr: 2^{-7} [12, 15] [4]
3 [9, 17, 23, 24] [1, 9, 12] Pr: 2^{-7} [12, 15] [4]
sqrt(Sum Pr^2): 2^{-5.101}
-------------------------------------
Round 13
-------------------------------------
1 [6, 7, 22, 25, 28, 31] [9, 14, 20, 46] Pr: 2^{-11.992}  2 paths [9, 17, 23] [1, 9, 12]
2 [6, 22, 25, 28, 31] [9, 14, 20, 46] Pr: 2^{-11.992}  2 paths [9, 17, 23] [1, 9, 12]
3 [6, 18, 22, 25, 28, 31] [9, 14, 20, 46] Pr: 2^{-12.967}  2 paths [9, 17, 23] [1, 9, 12]
sqrt(Sum Pr^2): 2^{-10.381}
-------------------------------------
Round 12
-------------------------------------
1 [3, 11, 19, 25, 27, 39] [3, 6, 11, 17, 19, 22, 25, 28, 43] Pr: 2^{-21.992}  2 paths [6, 22, 25, 28, 31] [9, 14, 20, 46]
2 [3, 11, 19, 25, 27, 34, 39] [3, 6, 11, 17, 19, 22, 25, 28, 43] Pr: 2^{-22.992}  2 paths [6, 22, 25, 28, 31] [9, 14, 20, 46]
3 [3, 11, 12, 19, 25, 27, 39] [3, 6, 11, 17, 19, 22, 25, 28, 43] Pr: 2^{-22.992}  2 paths [6, 22, 25, 28, 31] [9, 14, 20, 46]
sqrt(Sum Pr^2): 2^{-20.379}
-------------------------------------
Round 11
-------------------------------------
1 [0, 19, 22, 32, 35, 44, 47] [3, 14, 19, 24, 25, 36, 40] Pr: 2^{-31.992}  2 paths [3, 11, 19, 25, 27, 39] [3, 6, 11, 17, 19, 22, 25, 28, 43]
2 [0, 19, 22, 32, 33, 35, 44, 47] [3, 14, 19, 24, 25, 36, 40] Pr: 2^{-32.549}  7 paths [3, 11, 19, 25, 27, 39] [3, 6, 11, 17, 19, 22, 25, 28, 43]
3 [0, 19, 22, 28, 32, 35, 44, 47] [3, 14, 19, 24, 25, 36, 40] Pr: 2^{-32.969}  3 paths [3, 11, 19, 25, 27, 39] [3, 6, 11, 17, 19, 22, 25, 28, 43]
sqrt(Sum Pr^2): 2^{-30.203}
-------------------------------------
Round 10
-------------------------------------
1 [1, 5, 7, 19, 29, 37, 41, 43, 45] [0, 11, 19, 21, 22, 29, 32, 33, 37, 41, 44, 45] Pr: 2^{-44.992}  2 paths [0, 19, 22, 32, 35, 44, 47] [3, 14, 19, 24, 25, 36, 40]
2 [1, 5, 7, 19, 29, 30, 37, 41, 43, 45] [0, 11, 19, 21, 22, 29, 32, 33, 37, 41, 44, 45] Pr: 2^{-45.582}  5 paths [0, 19, 22, 32, 35, 44, 47] [3, 14, 19, 24, 25, 36, 40]
3 [1, 5, 7, 19, 20, 29, 37, 41, 43, 45] [0, 11, 19, 21, 22, 29, 32, 33, 37, 41, 44, 45] Pr: 2^{-45.969}  3 paths [0, 19, 22, 32, 35, 44, 47] [3, 14, 19, 24, 25, 36, 40]
sqrt(Sum Pr^2): 2^{-42.888}
-------------------------------------
Round 9
-------------------------------------
1 [9, 10, 13, 26, 35, 45] [2, 18, 29, 35, 45] Pr: 2^{-57.712}  8 paths [1, 5, 27, 29, 35, 37, 45] [0, 1, 21, 27, 29, 32, 35, 37, 38, 45]
2 [9, 13, 26, 35, 45] [2, 18, 29, 35, 45] Pr: 2^{-58.303}  11 paths [1, 5, 27, 29, 35, 37, 45] [0, 1, 21, 27, 29, 32, 35, 37, 38, 45]
3 [9, 10, 13, 14, 26, 35, 45] [2, 18, 29, 35, 45] Pr: 2^{-58.712}  8 paths [1, 5, 27, 29, 35, 37, 45] [0, 1, 21, 27, 29, 32, 35, 37, 38, 45]
sqrt(Sum Pr^2): 2^{-55.889}
-------------------------------------
Round 8
-------------------------------------
1 [5, 7, 14, 17, 18, 21, 23, 31, 43] [6, 10, 15, 23, 26, 47] Pr: 2^{-67.303}  11 paths [9, 13, 26, 35, 45] [2, 18, 29, 35, 45]
2 [5, 7, 14, 15, 17, 21, 23, 31, 43] [6, 7, 10, 15, 23, 26, 47] Pr: 2^{-67.712}  8 paths [9, 10, 13, 26, 35, 45] [2, 18, 29, 35, 45]
3 [5, 7, 14, 17, 21, 23, 31, 43] [6, 10, 15, 23, 26, 47] Pr: 2^{-67.894}  14 paths [9, 13, 26, 35, 45] [2, 18, 29, 35, 45]
sqrt(Sum Pr^2): 2^{-65.159}
-------------------------------------
Round 7
-------------------------------------
1 [0, 3, 4, 10, 13, 14, 19, 20, 25, 36, 39] [2, 11, 12, 14, 23, 28, 40, 44] Pr: 2^{-83.712}  9 paths [5, 6, 14, 17, 23, 31, 43] [6, 15, 23, 26, 47]
2 [0, 3, 4, 10, 11, 13, 19, 23, 25, 26, 29, 36, 39] [2, 3, 7, 11, 14, 18, 23, 28, 40, 44] Pr: 2^{-83.712}  8 paths [5, 7, 14, 15, 17, 21, 23, 31, 43] [6, 7, 10, 15, 23, 26, 47]
3 [0, 3, 4, 10, 11, 13, 19, 20, 25, 26, 29, 36, 39] [2, 3, 7, 11, 12, 14, 18, 23, 28, 40, 44] Pr: 2^{-84.269}  13 paths [5, 7, 14, 17, 21, 23, 31, 43] [6, 7, 10, 15, 23, 26, 47]
sqrt(Sum Pr^2): 2^{-80.791}
-------------------------------------
Round 6
-------------------------------------
1 [1, 5, 7, 8, 11, 12, 15, 18, 23, 24, 27, 28, 30, 41, 45, 47] [7, 11, 12, 16, 20, 22, 25, 33, 36, 37, 41, 45, 47] Pr: 2^{-104.644}  15 paths [0, 3, 4, 10, 11, 12, 15, 19, 25, 36, 39] [2, 3, 4, 11, 12, 14, 23, 28, 40, 44]
2 [1, 5, 7, 9, 11, 12, 15, 16, 21, 22, 24, 27, 30, 31, 41, 45, 47] [0, 1, 7, 8, 10, 16, 22, 25, 33, 36, 37, 41, 45, 47] Pr: 2^{-104.712}  9 paths [0, 3, 4, 10, 13, 14, 19, 23, 25, 36, 39] [2, 11, 14, 23, 28, 40, 44]
3 [1, 5, 7, 8, 11, 12, 15, 18, 20, 23, 24, 27, 28, 30, 41, 45, 47] [7, 11, 12, 16, 20, 22, 25, 33, 36, 37, 41, 45, 47] Pr: 2^{-104.909}  18 paths [0, 3, 4, 10, 11, 12, 15, 19, 25, 36, 39] [2, 3, 4, 11, 12, 14, 23, 28, 40, 44]
sqrt(Sum Pr^2): 2^{-100.926}
-------------------------------------
Round 5
-------------------------------------
1 [1, 5, 7, 10, 16, 19, 21, 23, 26, 27, 30, 41, 45] [1, 2, 5, 7, 13, 18, 19, 21, 22, 23, 24, 27, 30, 33] Pr: 2^{-126.269}  13 paths [1, 5, 7, 8, 11, 15, 21, 23, 24, 27, 30, 37, 41, 45, 47] [1, 4, 7, 10, 11, 15, 16, 22, 23, 25, 26, 33, 36, 37, 41, 45, 47]
2 [1, 5, 7, 10, 16, 18, 19, 21, 23, 27, 30, 32, 41, 45] [1, 2, 5, 7, 10, 13, 19, 22, 23, 24, 27, 30, 33] Pr: 2^{-126.32}  10 paths [1, 5, 7, 8, 11, 15, 23, 27, 30, 37, 41, 45, 47] [1, 4, 7, 10, 11, 13, 15, 16, 22, 23, 25, 26, 33, 36, 37, 41, 45, 47]
3 [1, 5, 7, 10, 16, 19, 23, 27, 30, 32, 41, 45] [1, 2, 5, 7, 13, 19, 22, 23, 24, 27, 30, 33] Pr: 2^{-126.32}  10 paths [1, 5, 7, 8, 11, 13, 15, 23, 27, 30, 37, 41, 45, 47] [1, 4, 7, 10, 11, 13, 15, 16, 22, 23, 25, 26, 33, 36, 37, 41, 45, 47]
sqrt(Sum Pr^2): 2^{-122.373}
-------------------------------------
Round 4
-------------------------------------







